#Spectroscopic factors for transition between 34S_fsu9_M0T2- and 33S_fsu9_M1T1+
#File: 34S_fsu9-.xml Final(daugter) system file: 33S_fsu9+.xml
#parent Ex(p) daugther Ex(d) L SF=|A|^2 
3-(1)	0	3/2+(1)	0	1	0.0791083
3-(1)	0	3/2+(1)	0	3	0.176548
3-(1)	0	1/2+(1)	0.853	3	0.0967688
3-(1)	0	5/2+(1)	1.924	1	0.000488667
3-(1)	0	5/2+(1)	1.924	3	0.00176184
3-(1)	0	3/2+(2)	2.243	1	9.20624e-06
3-(1)	0	3/2+(2)	2.243	3	0.0111115
3-(1)	0	5/2+(2)	2.951	1	0.00392821
3-(1)	0	5/2+(2)	2.951	3	0.00255903
3-(1)	0	7/2+(1)	2.967	1	0.000944328
3-(1)	0	7/2+(1)	2.967	3	0.00765941
3-(1)	0	3/2+(3)	3.587	1	0.00161196
3-(1)	0	3/2+(3)	3.587	3	0.000346298
3-(1)	0	5/2+(3)	3.844	1	0.00318283
3-(1)	0	5/2+(3)	3.844	3	0.0102634
3-(1)	0	1/2+(2)	3.945	3	0.00411337
3-(1)	0	7/2+(2)	4.088	1	2.18483e-05
3-(1)	0	7/2+(2)	4.088	3	0.000362304
3-(1)	0	9/2+(1)	4.206	1	6.27263e-06
3-(1)	0	9/2+(1)	4.206	3	0.000574006
3-(1)	0	1/2+(3)	4.278	3	0.00384666
3-(1)	0	3/2+(4)	4.357	1	0.00119357
3-(1)	0	3/2+(4)	4.357	3	0.00272694
3-(1)	0	5/2+(4)	4.61	1	8.23215e-05
3-(1)	0	5/2+(4)	4.61	3	0.000262133
3-(1)	0	3/2+(5)	4.702	1	2.42112e-06
3-(1)	0	3/2+(5)	4.702	3	0.000102844
3-(1)	0	3/2+(6)	5.092	1	0.000940102
3-(1)	0	3/2+(6)	5.092	3	0.000953094
3-(1)	0	7/2+(3)	5.142	1	0.000197112
3-(1)	0	7/2+(3)	5.142	3	0.000235114
3-(1)	0	5/2+(5)	5.177	1	2.89479e-05
3-(1)	0	5/2+(5)	5.177	3	0.000209134
3-(1)	0	1/2+(4)	5.218	3	0.083854
3-(1)	0	7/2+(4)	5.332	1	0.000102859
3-(1)	0	7/2+(4)	5.332	3	3.51476e-05
5-(1)	1.018	3/2+(1)	0	3	0.758123
5-(1)	1.018	5/2+(1)	1.924	3	0.0399619
5-(1)	1.018	3/2+(2)	2.243	3	0.000675912
5-(1)	1.018	5/2+(2)	2.951	3	0.00593028
5-(1)	1.018	7/2+(1)	2.967	1	0.0306974
5-(1)	1.018	7/2+(1)	2.967	3	0.0161131
5-(1)	1.018	3/2+(3)	3.587	3	0.00855815
5-(1)	1.018	5/2+(3)	3.844	3	0.00188164
5-(1)	1.018	7/2+(2)	4.088	1	3.57558e-05
5-(1)	1.018	7/2+(2)	4.088	3	0.000610429
5-(1)	1.018	9/2+(1)	4.206	1	0.000170962
5-(1)	1.018	9/2+(1)	4.206	3	0.00348034
5-(1)	1.018	3/2+(4)	4.357	3	0.00126885
5-(1)	1.018	5/2+(4)	4.61	3	0.00128612
5-(1)	1.018	3/2+(5)	4.702	3	1.83432e-05
5-(1)	1.018	3/2+(6)	5.092	3	0.000413128
5-(1)	1.018	7/2+(3)	5.142	1	9.12258e-06
5-(1)	1.018	7/2+(3)	5.142	3	0.0012248
5-(1)	1.018	5/2+(5)	5.177	3	0.0017595
5-(1)	1.018	7/2+(4)	5.332	1	0.000147197
5-(1)	1.018	7/2+(4)	5.332	3	0.00179427
3-(2)	1.125	3/2+(1)	0	1	0.0605819
3-(2)	1.125	3/2+(1)	0	3	0.354173
3-(2)	1.125	1/2+(1)	0.853	3	0.308651
3-(2)	1.125	5/2+(1)	1.924	1	0.00679717
3-(2)	1.125	5/2+(1)	1.924	3	0.0205266
3-(2)	1.125	3/2+(2)	2.243	1	0.0211436
3-(2)	1.125	3/2+(2)	2.243	3	0.0458728
3-(2)	1.125	5/2+(2)	2.951	1	0.00296636
3-(2)	1.125	5/2+(2)	2.951	3	0.00632002
3-(2)	1.125	7/2+(1)	2.967	1	0.00214942
3-(2)	1.125	7/2+(1)	2.967	3	0.00502264
3-(2)	1.125	3/2+(3)	3.587	1	0.00342606
3-(2)	1.125	3/2+(3)	3.587	3	0.000905484
3-(2)	1.125	5/2+(3)	3.844	1	3.21928e-05
3-(2)	1.125	5/2+(3)	3.844	3	7.98375e-05
3-(2)	1.125	1/2+(2)	3.945	3	0.00125023
3-(2)	1.125	7/2+(2)	4.088	1	0.000220988
3-(2)	1.125	7/2+(2)	4.088	3	0.000966166
3-(2)	1.125	9/2+(1)	4.206	1	0.000147918
3-(2)	1.125	9/2+(1)	4.206	3	0.00320619
3-(2)	1.125	1/2+(3)	4.278	3	0.00224848
3-(2)	1.125	3/2+(4)	4.357	1	6.17324e-05
3-(2)	1.125	3/2+(4)	4.357	3	0.00224461
3-(2)	1.125	5/2+(4)	4.61	1	0.000165522
3-(2)	1.125	5/2+(4)	4.61	3	0.00124044
3-(2)	1.125	3/2+(5)	4.702	1	4.71213e-05
3-(2)	1.125	3/2+(5)	4.702	3	0.00165877
3-(2)	1.125	3/2+(6)	5.092	1	4.7867e-05
3-(2)	1.125	3/2+(6)	5.092	3	0.00017227
3-(2)	1.125	7/2+(3)	5.142	1	0.000740089
3-(2)	1.125	7/2+(3)	5.142	3	0.0017233
3-(2)	1.125	5/2+(5)	5.177	1	0.000584815
3-(2)	1.125	5/2+(5)	5.177	3	0.000223229
3-(2)	1.125	1/2+(4)	5.218	3	0.00330459
3-(2)	1.125	7/2+(4)	5.332	1	4.09861e-06
3-(2)	1.125	7/2+(4)	5.332	3	0.000160805
2-(1)	1.127	3/2+(1)	0	1	0.00337959
2-(1)	1.127	3/2+(1)	0	3	0.589242
2-(1)	1.127	1/2+(1)	0.853	1	0.0574726
2-(1)	1.127	1/2+(1)	0.853	3	0.00416774
2-(1)	1.127	5/2+(1)	1.924	1	0.0083719
2-(1)	1.127	5/2+(1)	1.924	3	0.0145523
2-(1)	1.127	3/2+(2)	2.243	1	0.004285
2-(1)	1.127	3/2+(2)	2.243	3	0.0529945
2-(1)	1.127	5/2+(2)	2.951	1	0.000113958
2-(1)	1.127	5/2+(2)	2.951	3	0.0459851
2-(1)	1.127	7/2+(1)	2.967	1	0.00103861
2-(1)	1.127	7/2+(1)	2.967	3	0.00620493
2-(1)	1.127	3/2+(3)	3.587	1	0.00129951
2-(1)	1.127	3/2+(3)	3.587	3	0.0213509
2-(1)	1.127	5/2+(3)	3.844	1	7.21676e-05
2-(1)	1.127	5/2+(3)	3.844	3	0.0112895
2-(1)	1.127	1/2+(2)	3.945	1	0.000431288
2-(1)	1.127	1/2+(2)	3.945	3	0.000802232
2-(1)	1.127	7/2+(2)	4.088	1	0.00049977
2-(1)	1.127	7/2+(2)	4.088	3	0.000992814
2-(1)	1.127	9/2+(1)	4.206	3	0.000871286
2-(1)	1.127	1/2+(3)	4.278	1	0.00075667
2-(1)	1.127	1/2+(3)	4.278	3	0.000108006
2-(1)	1.127	3/2+(4)	4.357	1	0.00024286
2-(1)	1.127	3/2+(4)	4.357	3	0.000802922
2-(1)	1.127	5/2+(4)	4.61	1	1.63879e-05
2-(1)	1.127	5/2+(4)	4.61	3	0.00206789
2-(1)	1.127	3/2+(5)	4.702	1	0.000700227
2-(1)	1.127	3/2+(5)	4.702	3	0.0044437
2-(1)	1.127	3/2+(6)	5.092	1	5.45875e-05
2-(1)	1.127	3/2+(6)	5.092	3	0.000392861
2-(1)	1.127	7/2+(3)	5.142	1	6.86725e-05
2-(1)	1.127	7/2+(3)	5.142	3	0.00455676
2-(1)	1.127	5/2+(5)	5.177	1	3.40644e-05
2-(1)	1.127	5/2+(5)	5.177	3	0.000725015
2-(1)	1.127	1/2+(4)	5.218	1	0.0045812
2-(1)	1.127	1/2+(4)	5.218	3	0.000890206
2-(1)	1.127	7/2+(4)	5.332	1	0.000217642
2-(1)	1.127	7/2+(4)	5.332	3	0.000387697
1-(1)	1.134	3/2+(1)	0	1	0.540107
1-(1)	1.134	3/2+(1)	0	3	1.23786e-05
1-(1)	1.134	1/2+(1)	0.853	1	0.00128479
1-(1)	1.134	5/2+(1)	1.924	1	0.000324215
1-(1)	1.134	5/2+(1)	1.924	3	0.0146542
1-(1)	1.134	3/2+(2)	2.243	1	0.00141251
1-(1)	1.134	3/2+(2)	2.243	3	0.000136765
1-(1)	1.134	5/2+(2)	2.951	1	0.0159655
1-(1)	1.134	5/2+(2)	2.951	3	0.0638108
1-(1)	1.134	7/2+(1)	2.967	3	0.0717319
1-(1)	1.134	3/2+(3)	3.587	1	0.000537762
1-(1)	1.134	3/2+(3)	3.587	3	0.00104397
1-(1)	1.134	5/2+(3)	3.844	1	0.00894158
1-(1)	1.134	5/2+(3)	3.844	3	0.00109515
1-(1)	1.134	1/2+(2)	3.945	1	0.00418305
1-(1)	1.134	7/2+(2)	4.088	3	6.18052e-05
1-(1)	1.134	9/2+(1)	4.206	3	0.000954358
1-(1)	1.134	1/2+(3)	4.278	1	0.00215605
1-(1)	1.134	3/2+(4)	4.357	1	0.00166625
1-(1)	1.134	3/2+(4)	4.357	3	7.71859e-06
1-(1)	1.134	5/2+(4)	4.61	1	0.000671173
1-(1)	1.134	5/2+(4)	4.61	3	0.00196534
1-(1)	1.134	3/2+(5)	4.702	1	0.000115082
1-(1)	1.134	3/2+(5)	4.702	3	9.90537e-06
1-(1)	1.134	3/2+(6)	5.092	1	0.00046692
1-(1)	1.134	3/2+(6)	5.092	3	0.000378472
1-(1)	1.134	7/2+(3)	5.142	3	0.000144666
1-(1)	1.134	5/2+(5)	5.177	1	0.00121678
1-(1)	1.134	5/2+(5)	5.177	3	0.000822157
1-(1)	1.134	1/2+(4)	5.218	1	0.0107446
1-(1)	1.134	7/2+(4)	5.332	3	0.00045173
3-(3)	1.242	3/2+(1)	0	1	0.209806
3-(3)	1.242	3/2+(1)	0	3	0.193132
3-(3)	1.242	1/2+(1)	0.853	3	0.158044
3-(3)	1.242	5/2+(1)	1.924	1	0.0197315
3-(3)	1.242	5/2+(1)	1.924	3	0.0676687
3-(3)	1.242	3/2+(2)	2.243	1	0.000854882
3-(3)	1.242	3/2+(2)	2.243	3	0.0385586
3-(3)	1.242	5/2+(2)	2.951	1	0.00219548
3-(3)	1.242	5/2+(2)	2.951	3	0.000474725
3-(3)	1.242	7/2+(1)	2.967	1	0.000915242
3-(3)	1.242	7/2+(1)	2.967	3	0.00104996
3-(3)	1.242	3/2+(3)	3.587	1	7.12046e-05
3-(3)	1.242	3/2+(3)	3.587	3	0.000891142
3-(3)	1.242	5/2+(3)	3.844	1	0.000180529
3-(3)	1.242	5/2+(3)	3.844	3	0.000371299
3-(3)	1.242	1/2+(2)	3.945	3	0.000172513
3-(3)	1.242	7/2+(2)	4.088	1	0.00122779
3-(3)	1.242	7/2+(2)	4.088	3	0.00250497
3-(3)	1.242	9/2+(1)	4.206	1	0.00114203
3-(3)	1.242	9/2+(1)	4.206	3	0.00167844
3-(3)	1.242	1/2+(3)	4.278	3	0.00283514
3-(3)	1.242	3/2+(4)	4.357	1	0.00145605
3-(3)	1.242	3/2+(4)	4.357	3	0.0021374
3-(3)	1.242	5/2+(4)	4.61	1	0.000267323
3-(3)	1.242	5/2+(4)	4.61	3	0.000184084
3-(3)	1.242	3/2+(5)	4.702	1	0.000301263
3-(3)	1.242	3/2+(5)	4.702	3	0.00301552
3-(3)	1.242	3/2+(6)	5.092	1	3.3883e-05
3-(3)	1.242	3/2+(6)	5.092	3	0.000387826
3-(3)	1.242	7/2+(3)	5.142	1	0.000132352
3-(3)	1.242	7/2+(3)	5.142	3	0.00769965
3-(3)	1.242	5/2+(5)	5.177	1	4.74291e-05
3-(3)	1.242	5/2+(5)	5.177	3	0.00650962
3-(3)	1.242	1/2+(4)	5.218	3	0.0116491
3-(3)	1.242	7/2+(4)	5.332	1	9.46135e-05
3-(3)	1.242	7/2+(4)	5.332	3	0.000461821
4-(1)	1.642	3/2+(1)	0	3	0.383902
4-(1)	1.642	1/2+(1)	0.853	3	0.0928559
4-(1)	1.642	5/2+(1)	1.924	1	0.0917235
4-(1)	1.642	5/2+(1)	1.924	3	0.0481964
4-(1)	1.642	3/2+(2)	2.243	3	0.0182138
4-(1)	1.642	5/2+(2)	2.951	1	0.000563668
4-(1)	1.642	5/2+(2)	2.951	3	0.0010007
4-(1)	1.642	7/2+(1)	2.967	1	0.00281763
4-(1)	1.642	7/2+(1)	2.967	3	0.00942369
4-(1)	1.642	3/2+(3)	3.587	3	0.0103435
4-(1)	1.642	5/2+(3)	3.844	1	0.000226264
4-(1)	1.642	5/2+(3)	3.844	3	0.000812069
4-(1)	1.642	1/2+(2)	3.945	3	2.89037e-05
4-(1)	1.642	7/2+(2)	4.088	1	0.00128386
4-(1)	1.642	7/2+(2)	4.088	3	0.00515
4-(1)	1.642	9/2+(1)	4.206	1	0.000306186
4-(1)	1.642	9/2+(1)	4.206	3	0.00646533
4-(1)	1.642	1/2+(3)	4.278	3	0.00233656
4-(1)	1.642	3/2+(4)	4.357	3	0.000855482
4-(1)	1.642	5/2+(4)	4.61	1	2.98488e-06
4-(1)	1.642	5/2+(4)	4.61	3	0.00240416
4-(1)	1.642	3/2+(5)	4.702	3	0.00182071
4-(1)	1.642	3/2+(6)	5.092	3	0.000608439
4-(1)	1.642	7/2+(3)	5.142	1	0.00167502
4-(1)	1.642	7/2+(3)	5.142	3	0.00291763
4-(1)	1.642	5/2+(5)	5.177	1	0.00023267
4-(1)	1.642	5/2+(5)	5.177	3	0.00374844
4-(1)	1.642	1/2+(4)	5.218	3	0.00617348
4-(1)	1.642	7/2+(4)	5.332	1	0.000292425
4-(1)	1.642	7/2+(4)	5.332	3	0.000993091
1-(2)	1.744	3/2+(1)	0	1	0.0437823
1-(2)	1.744	3/2+(1)	0	3	0.00736099
1-(2)	1.744	1/2+(1)	0.853	1	0.248985
1-(2)	1.744	5/2+(1)	1.924	1	0.011313
1-(2)	1.744	5/2+(1)	1.924	3	0.357924
1-(2)	1.744	3/2+(2)	2.243	1	0.0022295
1-(2)	1.744	3/2+(2)	2.243	3	4.99271e-05
1-(2)	1.744	5/2+(2)	2.951	1	0.00167503
1-(2)	1.744	5/2+(2)	2.951	3	0.117611
1-(2)	1.744	7/2+(1)	2.967	3	0.0010685
1-(2)	1.744	3/2+(3)	3.587	1	0.00963067
1-(2)	1.744	3/2+(3)	3.587	3	0.00414564
1-(2)	1.744	5/2+(3)	3.844	1	8.63373e-06
1-(2)	1.744	5/2+(3)	3.844	3	0.00544434
1-(2)	1.744	1/2+(2)	3.945	1	2.91976e-05
1-(2)	1.744	7/2+(2)	4.088	3	0.00132284
1-(2)	1.744	9/2+(1)	4.206	3	0.00844237
1-(2)	1.744	1/2+(3)	4.278	1	0.000559453
1-(2)	1.744	3/2+(4)	4.357	1	0.000875773
1-(2)	1.744	3/2+(4)	4.357	3	9.39683e-05
1-(2)	1.744	5/2+(4)	4.61	1	0.000253577
1-(2)	1.744	5/2+(4)	4.61	3	0.0202109
1-(2)	1.744	3/2+(5)	4.702	1	0.0028231
1-(2)	1.744	3/2+(5)	4.702	3	1.85245e-06
1-(2)	1.744	3/2+(6)	5.092	1	0.000584276
1-(2)	1.744	3/2+(6)	5.092	3	0.000168589
1-(2)	1.744	7/2+(3)	5.142	3	0.00147064
1-(2)	1.744	5/2+(5)	5.177	1	6.21123e-05
1-(2)	1.744	5/2+(5)	5.177	3	0.00291393
1-(2)	1.744	1/2+(4)	5.218	1	0.00975706
1-(2)	1.744	7/2+(4)	5.332	3	0.000199178
4-(2)	1.848	3/2+(1)	0	3	0.00966952
4-(2)	1.848	1/2+(1)	0.853	3	0.259657
4-(2)	1.848	5/2+(1)	1.924	1	0.0107949
4-(2)	1.848	5/2+(1)	1.924	3	0.286872
4-(2)	1.848	3/2+(2)	2.243	3	0.0691039
4-(2)	1.848	5/2+(2)	2.951	1	0.00760298
4-(2)	1.848	5/2+(2)	2.951	3	0.00458667
4-(2)	1.848	7/2+(1)	2.967	1	0.00257412
4-(2)	1.848	7/2+(1)	2.967	3	0.0109418
4-(2)	1.848	3/2+(3)	3.587	3	0.00874734
4-(2)	1.848	5/2+(3)	3.844	1	7.55549e-06
4-(2)	1.848	5/2+(3)	3.844	3	0.00171407
4-(2)	1.848	1/2+(2)	3.945	3	0.00432752
4-(2)	1.848	7/2+(2)	4.088	1	0.00155438
4-(2)	1.848	7/2+(2)	4.088	3	0.00299861
4-(2)	1.848	9/2+(1)	4.206	1	0.000105321
4-(2)	1.848	9/2+(1)	4.206	3	0.00182127
4-(2)	1.848	1/2+(3)	4.278	3	0.000146503
4-(2)	1.848	3/2+(4)	4.357	3	0.000865983
4-(2)	1.848	5/2+(4)	4.61	1	0.000240512
4-(2)	1.848	5/2+(4)	4.61	3	0.00523645
4-(2)	1.848	3/2+(5)	4.702	3	0.000575258
4-(2)	1.848	3/2+(6)	5.092	3	0.00264571
4-(2)	1.848	7/2+(3)	5.142	1	0.000464369
4-(2)	1.848	7/2+(3)	5.142	3	0.000532316
4-(2)	1.848	5/2+(5)	5.177	1	0.00180226
4-(2)	1.848	5/2+(5)	5.177	3	0.000339078
4-(2)	1.848	1/2+(4)	5.218	3	0.0180188
4-(2)	1.848	7/2+(4)	5.332	1	0.000261311
4-(2)	1.848	7/2+(4)	5.332	3	0.00159616
2-(2)	1.894	3/2+(1)	0	1	0.33374
2-(2)	1.894	3/2+(1)	0	3	0.030573
2-(2)	1.894	1/2+(1)	0.853	1	0.0787532
2-(2)	1.894	1/2+(1)	0.853	3	0.000100402
2-(2)	1.894	5/2+(1)	1.924	1	0.00103171
2-(2)	1.894	5/2+(1)	1.924	3	0.0175838
2-(2)	1.894	3/2+(2)	2.243	1	0.00189205
2-(2)	1.894	3/2+(2)	2.243	3	0.0283807
2-(2)	1.894	5/2+(2)	2.951	1	0.00109909
2-(2)	1.894	5/2+(2)	2.951	3	0.0217154
2-(2)	1.894	7/2+(1)	2.967	1	0.00475713
2-(2)	1.894	7/2+(1)	2.967	3	0.0707263
2-(2)	1.894	3/2+(3)	3.587	1	0.00107035
2-(2)	1.894	3/2+(3)	3.587	3	0.0161164
2-(2)	1.894	5/2+(3)	3.844	1	0.00172312
2-(2)	1.894	5/2+(3)	3.844	3	0.00382133
2-(2)	1.894	1/2+(2)	3.945	1	0.000431477
2-(2)	1.894	1/2+(2)	3.945	3	2.37939e-06
2-(2)	1.894	7/2+(2)	4.088	1	0.000224743
2-(2)	1.894	7/2+(2)	4.088	3	0.000543329
2-(2)	1.894	9/2+(1)	4.206	3	0.00533555
2-(2)	1.894	1/2+(3)	4.278	1	0.000564818
2-(2)	1.894	1/2+(3)	4.278	3	0.000374623
2-(2)	1.894	3/2+(4)	4.357	1	0.000501225
2-(2)	1.894	3/2+(4)	4.357	3	0.000376835
2-(2)	1.894	5/2+(4)	4.61	1	0.000558194
2-(2)	1.894	5/2+(4)	4.61	3	0.00134992
2-(2)	1.894	3/2+(5)	4.702	1	0.000723023
2-(2)	1.894	3/2+(5)	4.702	3	0.00126538
2-(2)	1.894	3/2+(6)	5.092	1	0.000614669
2-(2)	1.894	3/2+(6)	5.092	3	8.71271e-05
2-(2)	1.894	7/2+(3)	5.142	1	0.000856759
2-(2)	1.894	7/2+(3)	5.142	3	0.000433959
2-(2)	1.894	5/2+(5)	5.177	1	0.00160719
2-(2)	1.894	5/2+(5)	5.177	3	0.000700508
2-(2)	1.894	1/2+(4)	5.218	1	0.00304877
2-(2)	1.894	1/2+(4)	5.218	3	0.00159396
2-(2)	1.894	7/2+(4)	5.332	1	9.51055e-06
2-(2)	1.894	7/2+(4)	5.332	3	0.000331167
4-(3)	1.898	3/2+(1)	0	3	0.161974
4-(3)	1.898	1/2+(1)	0.853	3	0.00016087
4-(3)	1.898	5/2+(1)	1.924	1	0.00383131
4-(3)	1.898	5/2+(1)	1.924	3	0.00656729
4-(3)	1.898	3/2+(2)	2.243	3	0.0560408
4-(3)	1.898	5/2+(2)	2.951	1	7.76405e-06
4-(3)	1.898	5/2+(2)	2.951	3	0.00215694
4-(3)	1.898	7/2+(1)	2.967	1	0.0131225
4-(3)	1.898	7/2+(1)	2.967	3	0.0646803
4-(3)	1.898	3/2+(3)	3.587	3	0.000477626
4-(3)	1.898	5/2+(3)	3.844	1	0.000137938
4-(3)	1.898	5/2+(3)	3.844	3	9.76962e-05
4-(3)	1.898	1/2+(2)	3.945	3	1.76758e-07
4-(3)	1.898	7/2+(2)	4.088	1	0.00070909
4-(3)	1.898	7/2+(2)	4.088	3	0.00306078
4-(3)	1.898	9/2+(1)	4.206	1	0.000283284
4-(3)	1.898	9/2+(1)	4.206	3	0.00486806
4-(3)	1.898	1/2+(3)	4.278	3	0.00140173
4-(3)	1.898	3/2+(4)	4.357	3	0.00877874
4-(3)	1.898	5/2+(4)	4.61	1	0.00103765
4-(3)	1.898	5/2+(4)	4.61	3	0.00871546
4-(3)	1.898	3/2+(5)	4.702	3	0.000144695
4-(3)	1.898	3/2+(6)	5.092	3	0.000169397
4-(3)	1.898	7/2+(3)	5.142	1	0.000599784
4-(3)	1.898	7/2+(3)	5.142	3	0.0035731
4-(3)	1.898	5/2+(5)	5.177	1	0.00106623
4-(3)	1.898	5/2+(5)	5.177	3	0.0015743
4-(3)	1.898	1/2+(4)	5.218	3	0.0776214
4-(3)	1.898	7/2+(4)	5.332	1	0.000359223
4-(3)	1.898	7/2+(4)	5.332	3	0.00447093
0-(1)	2.006	3/2+(1)	0	1	0.775837
0-(1)	2.006	1/2+(1)	0.853	1	0.00601033
0-(1)	2.006	5/2+(1)	1.924	3	0.000474394
0-(1)	2.006	3/2+(2)	2.243	1	0.0454203
0-(1)	2.006	5/2+(2)	2.951	3	0.000202925
0-(1)	2.006	7/2+(1)	2.967	3	0.11506
0-(1)	2.006	3/2+(3)	3.587	1	0.00560231
0-(1)	2.006	5/2+(3)	3.844	3	4.47426e-05
0-(1)	2.006	1/2+(2)	3.945	1	0.000159756
0-(1)	2.006	7/2+(2)	4.088	3	0.000404748
0-(1)	2.006	1/2+(3)	4.278	1	0.000652674
0-(1)	2.006	3/2+(4)	4.357	1	0.00608434
0-(1)	2.006	5/2+(4)	4.61	3	0.000125955
0-(1)	2.006	3/2+(5)	4.702	1	0.00537907
0-(1)	2.006	3/2+(6)	5.092	1	0.000382691
0-(1)	2.006	7/2+(3)	5.142	3	0.00362778
0-(1)	2.006	5/2+(5)	5.177	3	0.000107378
0-(1)	2.006	1/2+(4)	5.218	1	1.32532e-05
0-(1)	2.006	7/2+(4)	5.332	3	0.00161269
5-(2)	2.084	3/2+(1)	0	3	0.00711542
5-(2)	2.084	5/2+(1)	1.924	3	0.273394
5-(2)	2.084	3/2+(2)	2.243	3	0.0148647
5-(2)	2.084	5/2+(2)	2.951	3	0.0107981
5-(2)	2.084	7/2+(1)	2.967	1	0.0154872
5-(2)	2.084	7/2+(1)	2.967	3	0.0246847
5-(2)	2.084	3/2+(3)	3.587	3	0.0193157
5-(2)	2.084	5/2+(3)	3.844	3	0.00190301
5-(2)	2.084	7/2+(2)	4.088	1	0.0015716
5-(2)	2.084	7/2+(2)	4.088	3	0.00467166
5-(2)	2.084	9/2+(1)	4.206	1	0.00106694
5-(2)	2.084	9/2+(1)	4.206	3	0.00787872
5-(2)	2.084	3/2+(4)	4.357	3	0.0123205
5-(2)	2.084	5/2+(4)	4.61	3	0.00759291
5-(2)	2.084	3/2+(5)	4.702	3	9.44721e-05
5-(2)	2.084	3/2+(6)	5.092	3	0.0109319
5-(2)	2.084	7/2+(3)	5.142	1	0.00136155
5-(2)	2.084	7/2+(3)	5.142	3	0.00346216
5-(2)	2.084	5/2+(5)	5.177	3	0.000384599
5-(2)	2.084	7/2+(4)	5.332	1	0.00172634
5-(2)	2.084	7/2+(4)	5.332	3	0.00581283
1-(3)	2.255	3/2+(1)	0	1	0.0441384
1-(3)	2.255	3/2+(1)	0	3	0.0135713
1-(3)	2.255	1/2+(1)	0.853	1	0.0359629
1-(3)	2.255	5/2+(1)	1.924	1	3.62072e-07
1-(3)	2.255	5/2+(1)	1.924	3	0.330147
1-(3)	2.255	3/2+(2)	2.243	1	0.028134
1-(3)	2.255	3/2+(2)	2.243	3	2.92553e-05
1-(3)	2.255	5/2+(2)	2.951	1	1.17116e-07
1-(3)	2.255	5/2+(2)	2.951	3	0.122472
1-(3)	2.255	7/2+(1)	2.967	3	0.0114087
1-(3)	2.255	3/2+(3)	3.587	1	0.00396614
1-(3)	2.255	3/2+(3)	3.587	3	0.00132336
1-(3)	2.255	5/2+(3)	3.844	1	0.000407552
1-(3)	2.255	5/2+(3)	3.844	3	0.00793361
1-(3)	2.255	1/2+(2)	3.945	1	0.000157194
1-(3)	2.255	7/2+(2)	4.088	3	0.0185703
1-(3)	2.255	9/2+(1)	4.206	3	0.00052736
1-(3)	2.255	1/2+(3)	4.278	1	0.00136036
1-(3)	2.255	3/2+(4)	4.357	1	0.00352674
1-(3)	2.255	3/2+(4)	4.357	3	0.000692351
1-(3)	2.255	5/2+(4)	4.61	1	0.000324991
1-(3)	2.255	5/2+(4)	4.61	3	0.0135292
1-(3)	2.255	3/2+(5)	4.702	1	0.000173011
1-(3)	2.255	3/2+(5)	4.702	3	0.000419737
1-(3)	2.255	3/2+(6)	5.092	1	0.000326555
1-(3)	2.255	3/2+(6)	5.092	3	0.000904546
1-(3)	2.255	7/2+(3)	5.142	3	0.000145158
1-(3)	2.255	5/2+(5)	5.177	1	2.65819e-05
1-(3)	2.255	5/2+(5)	5.177	3	0.000433553
1-(3)	2.255	1/2+(4)	5.218	1	0.0139175
1-(3)	2.255	7/2+(4)	5.332	3	0.00541311
2-(3)	2.3	3/2+(1)	0	1	0.0850427
2-(3)	2.3	3/2+(1)	0	3	0.0136377
2-(3)	2.3	1/2+(1)	0.853	1	0.0833724
2-(3)	2.3	1/2+(1)	0.853	3	0.000113912
2-(3)	2.3	5/2+(1)	1.924	1	0.0206444
2-(3)	2.3	5/2+(1)	1.924	3	0.298414
2-(3)	2.3	3/2+(2)	2.243	1	0.0206837
2-(3)	2.3	3/2+(2)	2.243	3	0.00753337
2-(3)	2.3	5/2+(2)	2.951	1	0.0136776
2-(3)	2.3	5/2+(2)	2.951	3	0.139385
2-(3)	2.3	7/2+(1)	2.967	1	0.000117679
2-(3)	2.3	7/2+(1)	2.967	3	0.00246878
2-(3)	2.3	3/2+(3)	3.587	1	0.00248698
2-(3)	2.3	3/2+(3)	3.587	3	0.0102703
2-(3)	2.3	5/2+(3)	3.844	1	0.000490527
2-(3)	2.3	5/2+(3)	3.844	3	0.0152458
2-(3)	2.3	1/2+(2)	3.945	1	0.00151789
2-(3)	2.3	1/2+(2)	3.945	3	0.00146953
2-(3)	2.3	7/2+(2)	4.088	1	0.000226496
2-(3)	2.3	7/2+(2)	4.088	3	0.00280837
2-(3)	2.3	9/2+(1)	4.206	3	0.0140548
2-(3)	2.3	1/2+(3)	4.278	1	2.71074e-05
2-(3)	2.3	1/2+(3)	4.278	3	1.12978e-07
2-(3)	2.3	3/2+(4)	4.357	1	9.0924e-05
2-(3)	2.3	3/2+(4)	4.357	3	0.000767819
2-(3)	2.3	5/2+(4)	4.61	1	0.00244283
2-(3)	2.3	5/2+(4)	4.61	3	0.042499
2-(3)	2.3	3/2+(5)	4.702	1	0.000577443
2-(3)	2.3	3/2+(5)	4.702	3	0.000505456
2-(3)	2.3	3/2+(6)	5.092	1	0.000150826
2-(3)	2.3	3/2+(6)	5.092	3	0.0069318
2-(3)	2.3	7/2+(3)	5.142	1	0.00100713
2-(3)	2.3	7/2+(3)	5.142	3	0.000434228
2-(3)	2.3	5/2+(5)	5.177	1	0.000127539
2-(3)	2.3	5/2+(5)	5.177	3	0.00497678
2-(3)	2.3	1/2+(4)	5.218	1	0.0091646
2-(3)	2.3	1/2+(4)	5.218	3	0.000615719
2-(3)	2.3	7/2+(4)	5.332	1	0.00027229
2-(3)	2.3	7/2+(4)	5.332	3	0.000536622
3-(4)	2.304	3/2+(1)	0	1	0.0941939
3-(4)	2.304	3/2+(1)	0	3	0.0244551
3-(4)	2.304	1/2+(1)	0.853	3	0.111931
3-(4)	2.304	5/2+(1)	1.924	1	0.00719171
3-(4)	2.304	5/2+(1)	1.924	3	0.0527583
3-(4)	2.304	3/2+(2)	2.243	1	0.0541029
3-(4)	2.304	3/2+(2)	2.243	3	0.142803
3-(4)	2.304	5/2+(2)	2.951	1	0.00250622
3-(4)	2.304	5/2+(2)	2.951	3	0.052938
3-(4)	2.304	7/2+(1)	2.967	1	0.000735105
3-(4)	2.304	7/2+(1)	2.967	3	0.00637125
3-(4)	2.304	3/2+(3)	3.587	1	1.12307e-05
3-(4)	2.304	3/2+(3)	3.587	3	0.0219911
3-(4)	2.304	5/2+(3)	3.844	1	0.0025682
3-(4)	2.304	5/2+(3)	3.844	3	0.00162676
3-(4)	2.304	1/2+(2)	3.945	3	0.000812113
3-(4)	2.304	7/2+(2)	4.088	1	0.000162102
3-(4)	2.304	7/2+(2)	4.088	3	0.000686326
3-(4)	2.304	9/2+(1)	4.206	1	6.37535e-05
3-(4)	2.304	9/2+(1)	4.206	3	0.00515627
3-(4)	2.304	1/2+(3)	4.278	3	0.00026872
3-(4)	2.304	3/2+(4)	4.357	1	2.51465e-06
3-(4)	2.304	3/2+(4)	4.357	3	0.00186237
3-(4)	2.304	5/2+(4)	4.61	1	0.00263306
3-(4)	2.304	5/2+(4)	4.61	3	0.00217871
3-(4)	2.304	3/2+(5)	4.702	1	0.00015861
3-(4)	2.304	3/2+(5)	4.702	3	0.000719276
3-(4)	2.304	3/2+(6)	5.092	1	0.000643366
3-(4)	2.304	3/2+(6)	5.092	3	0.00297087
3-(4)	2.304	7/2+(3)	5.142	1	0.00192611
3-(4)	2.304	7/2+(3)	5.142	3	0.00832056
3-(4)	2.304	5/2+(5)	5.177	1	0.00249291
3-(4)	2.304	5/2+(5)	5.177	3	0.000832944
3-(4)	2.304	1/2+(4)	5.218	3	0.000359
3-(4)	2.304	7/2+(4)	5.332	1	0.000122256
3-(4)	2.304	7/2+(4)	5.332	3	0.00329138
3-(5)	2.369	3/2+(1)	0	1	0.315638
3-(5)	2.369	3/2+(1)	0	3	0.007779
3-(5)	2.369	1/2+(1)	0.853	3	0.0261742
3-(5)	2.369	5/2+(1)	1.924	1	5.00874e-05
3-(5)	2.369	5/2+(1)	1.924	3	0.0318206
3-(5)	2.369	3/2+(2)	2.243	1	0.0105947
3-(5)	2.369	3/2+(2)	2.243	3	0.0863352
3-(5)	2.369	5/2+(2)	2.951	1	0.0026719
3-(5)	2.369	5/2+(2)	2.951	3	0.00608315
3-(5)	2.369	7/2+(1)	2.967	1	0.00829334
3-(5)	2.369	7/2+(1)	2.967	3	0.00730648
3-(5)	2.369	3/2+(3)	3.587	1	0.0061827
3-(5)	2.369	3/2+(3)	3.587	3	0.0277906
3-(5)	2.369	5/2+(3)	3.844	1	0.00293753
3-(5)	2.369	5/2+(3)	3.844	3	0.0194784
3-(5)	2.369	1/2+(2)	3.945	3	0.00264567
3-(5)	2.369	7/2+(2)	4.088	1	0.000682749
3-(5)	2.369	7/2+(2)	4.088	3	0.000533106
3-(5)	2.369	9/2+(1)	4.206	1	0.00236719
3-(5)	2.369	9/2+(1)	4.206	3	0.000793843
3-(5)	2.369	1/2+(3)	4.278	3	0.00537512
3-(5)	2.369	3/2+(4)	4.357	1	0.000547161
3-(5)	2.369	3/2+(4)	4.357	3	0.00540237
3-(5)	2.369	5/2+(4)	4.61	1	0.000474526
3-(5)	2.369	5/2+(4)	4.61	3	0.00028684
3-(5)	2.369	3/2+(5)	4.702	1	0.000126856
3-(5)	2.369	3/2+(5)	4.702	3	0.00348892
3-(5)	2.369	3/2+(6)	5.092	1	0.00033744
3-(5)	2.369	3/2+(6)	5.092	3	0.00171508
3-(5)	2.369	7/2+(3)	5.142	1	0.000494648
3-(5)	2.369	7/2+(3)	5.142	3	0.000601943
3-(5)	2.369	5/2+(5)	5.177	1	0.000141096
3-(5)	2.369	5/2+(5)	5.177	3	0.00451614
3-(5)	2.369	1/2+(4)	5.218	3	0.0541494
3-(5)	2.369	7/2+(4)	5.332	1	0.000413648
3-(5)	2.369	7/2+(4)	5.332	3	0.00228717
4-(4)	2.395	3/2+(1)	0	3	0.0532747
4-(4)	2.395	1/2+(1)	0.853	3	0.286083
4-(4)	2.395	5/2+(1)	1.924	1	0.0104992
4-(4)	2.395	5/2+(1)	1.924	3	0.016368
4-(4)	2.395	3/2+(2)	2.243	3	0.310108
4-(4)	2.395	5/2+(2)	2.951	1	0.0217036
4-(4)	2.395	5/2+(2)	2.951	3	0.0786563
4-(4)	2.395	7/2+(1)	2.967	1	0.000331077
4-(4)	2.395	7/2+(1)	2.967	3	0.000334567
4-(4)	2.395	3/2+(3)	3.587	3	0.00413909
4-(4)	2.395	5/2+(3)	3.844	1	0.00321694
4-(4)	2.395	5/2+(3)	3.844	3	0.0175867
4-(4)	2.395	1/2+(2)	3.945	3	0.000104152
4-(4)	2.395	7/2+(2)	4.088	1	0.000148666
4-(4)	2.395	7/2+(2)	4.088	3	0.000133626
4-(4)	2.395	9/2+(1)	4.206	1	0.000126847
4-(4)	2.395	9/2+(1)	4.206	3	0.000339612
4-(4)	2.395	1/2+(3)	4.278	3	0.00198779
4-(4)	2.395	3/2+(4)	4.357	3	0.000568336
4-(4)	2.395	5/2+(4)	4.61	1	0.0116352
4-(4)	2.395	5/2+(4)	4.61	3	0.00607096
4-(4)	2.395	3/2+(5)	4.702	3	0.00895535
4-(4)	2.395	3/2+(6)	5.092	3	0.00204795
4-(4)	2.395	7/2+(3)	5.142	1	0.000126384
4-(4)	2.395	7/2+(3)	5.142	3	0.00118103
4-(4)	2.395	5/2+(5)	5.177	1	1.22777e-07
4-(4)	2.395	5/2+(5)	5.177	3	0.000208348
4-(4)	2.395	1/2+(4)	5.218	3	0.00815657
4-(4)	2.395	7/2+(4)	5.332	1	0.000789288
4-(4)	2.395	7/2+(4)	5.332	3	0.000175312
5-(3)	2.688	3/2+(1)	0	3	0.029802
5-(3)	2.688	5/2+(1)	1.924	3	0.139225
5-(3)	2.688	3/2+(2)	2.243	3	0.028864
5-(3)	2.688	5/2+(2)	2.951	3	0.00430394
5-(3)	2.688	7/2+(1)	2.967	1	0.0115372
5-(3)	2.688	7/2+(1)	2.967	3	0.00303577
5-(3)	2.688	3/2+(3)	3.587	3	0.000288257
5-(3)	2.688	5/2+(3)	3.844	3	0.00164871
5-(3)	2.688	7/2+(2)	4.088	1	0.0105895
5-(3)	2.688	7/2+(2)	4.088	3	0.000809493
5-(3)	2.688	9/2+(1)	4.206	1	0.0010613
5-(3)	2.688	9/2+(1)	4.206	3	0.00855903
5-(3)	2.688	3/2+(4)	4.357	3	0.000971633
5-(3)	2.688	5/2+(4)	4.61	3	0.0198762
5-(3)	2.688	3/2+(5)	4.702	3	0.000168896
5-(3)	2.688	3/2+(6)	5.092	3	0.0111497
5-(3)	2.688	7/2+(3)	5.142	1	0.00235872
5-(3)	2.688	7/2+(3)	5.142	3	0.00900697
5-(3)	2.688	5/2+(5)	5.177	3	0.00377408
5-(3)	2.688	7/2+(4)	5.332	1	0.000486456
5-(3)	2.688	7/2+(4)	5.332	3	0.00326717
2-(4)	2.704	3/2+(1)	0	1	0.00566625
2-(4)	2.704	3/2+(1)	0	3	0.0306454
2-(4)	2.704	1/2+(1)	0.853	1	0.143648
2-(4)	2.704	1/2+(1)	0.853	3	0.000118601
2-(4)	2.704	5/2+(1)	1.924	1	0.046906
2-(4)	2.704	5/2+(1)	1.924	3	0.0465884
2-(4)	2.704	3/2+(2)	2.243	1	0.0325027
2-(4)	2.704	3/2+(2)	2.243	3	0.038214
2-(4)	2.704	5/2+(2)	2.951	1	2.67666e-05
2-(4)	2.704	5/2+(2)	2.951	3	0.158796
2-(4)	2.704	7/2+(1)	2.967	1	0.00091804
2-(4)	2.704	7/2+(1)	2.967	3	0.0203649
2-(4)	2.704	3/2+(3)	3.587	1	0.0128637
2-(4)	2.704	3/2+(3)	3.587	3	0.00515271
2-(4)	2.704	5/2+(3)	3.844	1	0.00152279
2-(4)	2.704	5/2+(3)	3.844	3	0.00893316
2-(4)	2.704	1/2+(2)	3.945	1	0.00467177
2-(4)	2.704	1/2+(2)	3.945	3	0.00213472
2-(4)	2.704	7/2+(2)	4.088	1	0.000743821
2-(4)	2.704	7/2+(2)	4.088	3	0.0256042
2-(4)	2.704	9/2+(1)	4.206	3	0.00795844
2-(4)	2.704	1/2+(3)	4.278	1	0.00353077
2-(4)	2.704	1/2+(3)	4.278	3	0.000122187
2-(4)	2.704	3/2+(4)	4.357	1	0.00283943
2-(4)	2.704	3/2+(4)	4.357	3	0.00199138
2-(4)	2.704	5/2+(4)	4.61	1	0.000505517
2-(4)	2.704	5/2+(4)	4.61	3	0.000575894
2-(4)	2.704	3/2+(5)	4.702	1	0.000421734
2-(4)	2.704	3/2+(5)	4.702	3	0.00137511
2-(4)	2.704	3/2+(6)	5.092	1	0.00175105
2-(4)	2.704	3/2+(6)	5.092	3	0.0170254
2-(4)	2.704	7/2+(3)	5.142	1	9.63881e-05
2-(4)	2.704	7/2+(3)	5.142	3	0.000126325
2-(4)	2.704	5/2+(5)	5.177	1	0.000154098
2-(4)	2.704	5/2+(5)	5.177	3	0.00737057
2-(4)	2.704	1/2+(4)	5.218	1	0.0139177
2-(4)	2.704	1/2+(4)	5.218	3	0.000134413
2-(4)	2.704	7/2+(4)	5.332	1	0.00116442
2-(4)	2.704	7/2+(4)	5.332	3	0.00308689
3-(6)	2.75	3/2+(1)	0	1	0.000873322
3-(6)	2.75	3/2+(1)	0	3	0.000192809
3-(6)	2.75	1/2+(1)	0.853	3	0.00222762
3-(6)	2.75	5/2+(1)	1.924	1	0.00615074
3-(6)	2.75	5/2+(1)	1.924	3	0.00695955
3-(6)	2.75	3/2+(2)	2.243	1	0.00073172
3-(6)	2.75	3/2+(2)	2.243	3	0.0542927
3-(6)	2.75	5/2+(2)	2.951	1	2.37803e-05
3-(6)	2.75	5/2+(2)	2.951	3	0.00966329
3-(6)	2.75	7/2+(1)	2.967	1	0.0035551
3-(6)	2.75	7/2+(1)	2.967	3	0.00774831
3-(6)	2.75	3/2+(3)	3.587	1	0.0029095
3-(6)	2.75	3/2+(3)	3.587	3	0.00797987
3-(6)	2.75	5/2+(3)	3.844	1	0.000362555
3-(6)	2.75	5/2+(3)	3.844	3	0.000177522
3-(6)	2.75	1/2+(2)	3.945	3	0.00993243
3-(6)	2.75	7/2+(2)	4.088	1	0.000551329
3-(6)	2.75	7/2+(2)	4.088	3	0.000759549
3-(6)	2.75	9/2+(1)	4.206	1	0.000829428
3-(6)	2.75	9/2+(1)	4.206	3	0.0108906
3-(6)	2.75	1/2+(3)	4.278	3	0.00796516
3-(6)	2.75	3/2+(4)	4.357	1	0.0166315
3-(6)	2.75	3/2+(4)	4.357	3	0.00217697
3-(6)	2.75	5/2+(4)	4.61	1	0.000655633
3-(6)	2.75	5/2+(4)	4.61	3	0.0440147
3-(6)	2.75	3/2+(5)	4.702	1	0.00012027
3-(6)	2.75	3/2+(5)	4.702	3	0.00320859
3-(6)	2.75	3/2+(6)	5.092	1	0.000432646
3-(6)	2.75	3/2+(6)	5.092	3	0.00625194
3-(6)	2.75	7/2+(3)	5.142	1	7.04883e-05
3-(6)	2.75	7/2+(3)	5.142	3	0.000422469
3-(6)	2.75	5/2+(5)	5.177	1	0.000145045
3-(6)	2.75	5/2+(5)	5.177	3	0.00132568
3-(6)	2.75	1/2+(4)	5.218	3	0.00798384
3-(6)	2.75	7/2+(4)	5.332	1	0.000109429
3-(6)	2.75	7/2+(4)	5.332	3	0.000359383
2-(5)	2.865	3/2+(1)	0	1	0.0279599
2-(5)	2.865	3/2+(1)	0	3	0.0185969
2-(5)	2.865	1/2+(1)	0.853	1	0.0225305
2-(5)	2.865	1/2+(1)	0.853	3	0.00499505
2-(5)	2.865	5/2+(1)	1.924	1	0.00696842
2-(5)	2.865	5/2+(1)	1.924	3	0.0915448
2-(5)	2.865	3/2+(2)	2.243	1	0.0630406
2-(5)	2.865	3/2+(2)	2.243	3	0.0248076
2-(5)	2.865	5/2+(2)	2.951	1	0.00700134
2-(5)	2.865	5/2+(2)	2.951	3	0.0364547
2-(5)	2.865	7/2+(1)	2.967	1	0.00230551
2-(5)	2.865	7/2+(1)	2.967	3	0.0472515
2-(5)	2.865	3/2+(3)	3.587	1	0.00819219
2-(5)	2.865	3/2+(3)	3.587	3	0.00643487
2-(5)	2.865	5/2+(3)	3.844	1	0.00446508
2-(5)	2.865	5/2+(3)	3.844	3	0.00422854
2-(5)	2.865	1/2+(2)	3.945	1	0.000698439
2-(5)	2.865	1/2+(2)	3.945	3	0.00281718
2-(5)	2.865	7/2+(2)	4.088	1	0.00144982
2-(5)	2.865	7/2+(2)	4.088	3	0.0421528
2-(5)	2.865	9/2+(1)	4.206	3	0.000730124
2-(5)	2.865	1/2+(3)	4.278	1	0.00207873
2-(5)	2.865	1/2+(3)	4.278	3	0.000102262
2-(5)	2.865	3/2+(4)	4.357	1	0.0118168
2-(5)	2.865	3/2+(4)	4.357	3	0.00200527
2-(5)	2.865	5/2+(4)	4.61	1	0.00080817
2-(5)	2.865	5/2+(4)	4.61	3	0.0515596
2-(5)	2.865	3/2+(5)	4.702	1	0.000510841
2-(5)	2.865	3/2+(5)	4.702	3	0.00293718
2-(5)	2.865	3/2+(6)	5.092	1	0.000552249
2-(5)	2.865	3/2+(6)	5.092	3	0.017418
2-(5)	2.865	7/2+(3)	5.142	1	1.21115e-05
2-(5)	2.865	7/2+(3)	5.142	3	0.000540477
2-(5)	2.865	5/2+(5)	5.177	1	0.000619288
2-(5)	2.865	5/2+(5)	5.177	3	0.000611488
2-(5)	2.865	1/2+(4)	5.218	1	0.0095309
2-(5)	2.865	1/2+(4)	5.218	3	0.000604104
2-(5)	2.865	7/2+(4)	5.332	1	0.000206636
2-(5)	2.865	7/2+(4)	5.332	3	0.00262304
1-(4)	2.884	3/2+(1)	0	1	0.081743
1-(4)	2.884	3/2+(1)	0	3	0.000135477
1-(4)	2.884	1/2+(1)	0.853	1	0.236671
1-(4)	2.884	5/2+(1)	1.924	1	0.192507
1-(4)	2.884	5/2+(1)	1.924	3	0.0222912
1-(4)	2.884	3/2+(2)	2.243	1	0.0129387
1-(4)	2.884	3/2+(2)	2.243	3	0.00172331
1-(4)	2.884	5/2+(2)	2.951	1	0.00823274
1-(4)	2.884	5/2+(2)	2.951	3	0.00178769
1-(4)	2.884	7/2+(1)	2.967	3	0.00205311
1-(4)	2.884	3/2+(3)	3.587	1	0.00254599
1-(4)	2.884	3/2+(3)	3.587	3	0.00507337
1-(4)	2.884	5/2+(3)	3.844	1	0.000780358
1-(4)	2.884	5/2+(3)	3.844	3	0.0250864
1-(4)	2.884	1/2+(2)	3.945	1	1.80393e-05
1-(4)	2.884	7/2+(2)	4.088	3	0.0039621
1-(4)	2.884	9/2+(1)	4.206	3	0.0198923
1-(4)	2.884	1/2+(3)	4.278	1	0.000912147
1-(4)	2.884	3/2+(4)	4.357	1	0.000766483
1-(4)	2.884	3/2+(4)	4.357	3	6.02888e-05
1-(4)	2.884	5/2+(4)	4.61	1	0.00634594
1-(4)	2.884	5/2+(4)	4.61	3	0.00359372
1-(4)	2.884	3/2+(5)	4.702	1	0.000995276
1-(4)	2.884	3/2+(5)	4.702	3	0.000139723
1-(4)	2.884	3/2+(6)	5.092	1	0.00148872
1-(4)	2.884	3/2+(6)	5.092	3	0.00141456
1-(4)	2.884	7/2+(3)	5.142	3	0.0014821
1-(4)	2.884	5/2+(5)	5.177	1	0.00576063
1-(4)	2.884	5/2+(5)	5.177	3	0.00214215
1-(4)	2.884	1/2+(4)	5.218	1	0.0122309
1-(4)	2.884	7/2+(4)	5.332	3	0.0027105
1-(5)	2.967	3/2+(1)	0	1	0.1583
1-(5)	2.967	3/2+(1)	0	3	0.000770659
1-(5)	2.967	1/2+(1)	0.853	1	0.0280768
1-(5)	2.967	5/2+(1)	1.924	1	0.00746868
1-(5)	2.967	5/2+(1)	1.924	3	0.0016111
1-(5)	2.967	3/2+(2)	2.243	1	0.0199461
1-(5)	2.967	3/2+(2)	2.243	3	7.45335e-05
1-(5)	2.967	5/2+(2)	2.951	1	0.0556937
1-(5)	2.967	5/2+(2)	2.951	3	0.00718788
1-(5)	2.967	7/2+(1)	2.967	3	0.098504
1-(5)	2.967	3/2+(3)	3.587	1	0.00592756
1-(5)	2.967	3/2+(3)	3.587	3	0.00525659
1-(5)	2.967	5/2+(3)	3.844	1	0.00044936
1-(5)	2.967	5/2+(3)	3.844	3	0.0961907
1-(5)	2.967	1/2+(2)	3.945	1	0.00428189
1-(5)	2.967	7/2+(2)	4.088	3	3.02292e-05
1-(5)	2.967	9/2+(1)	4.206	3	0.00698882
1-(5)	2.967	1/2+(3)	4.278	1	0.00133511
1-(5)	2.967	3/2+(4)	4.357	1	0.000628362
1-(5)	2.967	3/2+(4)	4.357	3	0.00170464
1-(5)	2.967	5/2+(4)	4.61	1	0.00107693
1-(5)	2.967	5/2+(4)	4.61	3	0.0211063
1-(5)	2.967	3/2+(5)	4.702	1	7.02062e-05
1-(5)	2.967	3/2+(5)	4.702	3	0.00012477
1-(5)	2.967	3/2+(6)	5.092	1	1.69723e-05
1-(5)	2.967	3/2+(6)	5.092	3	0.0027316
1-(5)	2.967	7/2+(3)	5.142	3	0.00186061
1-(5)	2.967	5/2+(5)	5.177	1	4.71029e-05
1-(5)	2.967	5/2+(5)	5.177	3	2.14896e-06
1-(5)	2.967	1/2+(4)	5.218	1	0.00806543
1-(5)	2.967	7/2+(4)	5.332	3	0.00433867
4-(5)	2.973	3/2+(1)	0	3	0.0442629
4-(5)	2.973	1/2+(1)	0.853	3	0.00847578
4-(5)	2.973	5/2+(1)	1.924	1	0.0584884
4-(5)	2.973	5/2+(1)	1.924	3	0.0248788
4-(5)	2.973	3/2+(2)	2.243	3	0.0865034
4-(5)	2.973	5/2+(2)	2.951	1	0.00160196
4-(5)	2.973	5/2+(2)	2.951	3	0.103832
4-(5)	2.973	7/2+(1)	2.967	1	0.000728385
4-(5)	2.973	7/2+(1)	2.967	3	0.00840323
4-(5)	2.973	3/2+(3)	3.587	3	0.000365136
4-(5)	2.973	5/2+(3)	3.844	1	0.00348963
4-(5)	2.973	5/2+(3)	3.844	3	0.0020753
4-(5)	2.973	1/2+(2)	3.945	3	0.0089175
4-(5)	2.973	7/2+(2)	4.088	1	0.0025343
4-(5)	2.973	7/2+(2)	4.088	3	0.100713
4-(5)	2.973	9/2+(1)	4.206	1	0.00421718
4-(5)	2.973	9/2+(1)	4.206	3	0.0502891
4-(5)	2.973	1/2+(3)	4.278	3	0.000357393
4-(5)	2.973	3/2+(4)	4.357	3	0.00428016
4-(5)	2.973	5/2+(4)	4.61	1	3.3898e-05
4-(5)	2.973	5/2+(4)	4.61	3	0.0118476
4-(5)	2.973	3/2+(5)	4.702	3	0.00142644
4-(5)	2.973	3/2+(6)	5.092	3	0.00299094
4-(5)	2.973	7/2+(3)	5.142	1	0.000256676
4-(5)	2.973	7/2+(3)	5.142	3	0.000485036
4-(5)	2.973	5/2+(5)	5.177	1	6.05043e-05
4-(5)	2.973	5/2+(5)	5.177	3	0.00981085
4-(5)	2.973	1/2+(4)	5.218	3	0.00846104
4-(5)	2.973	7/2+(4)	5.332	1	0.000141713
4-(5)	2.973	7/2+(4)	5.332	3	0.000667084
3-(7)	3.069	3/2+(1)	0	1	0.0123535
3-(7)	3.069	3/2+(1)	0	3	0.015008
3-(7)	3.069	1/2+(1)	0.853	3	0.0340281
3-(7)	3.069	5/2+(1)	1.924	1	0.0850889
3-(7)	3.069	5/2+(1)	1.924	3	0.00542842
3-(7)	3.069	3/2+(2)	2.243	1	0.00100362
3-(7)	3.069	3/2+(2)	2.243	3	0.118163
3-(7)	3.069	5/2+(2)	2.951	1	0.00230055
3-(7)	3.069	5/2+(2)	2.951	3	0.0881826
3-(7)	3.069	7/2+(1)	2.967	1	0.00693517
3-(7)	3.069	7/2+(1)	2.967	3	0.139921
3-(7)	3.069	3/2+(3)	3.587	1	7.37164e-05
3-(7)	3.069	3/2+(3)	3.587	3	0.00613816
3-(7)	3.069	5/2+(3)	3.844	1	0.000798755
3-(7)	3.069	5/2+(3)	3.844	3	0.00948186
3-(7)	3.069	1/2+(2)	3.945	3	0.0016997
3-(7)	3.069	7/2+(2)	4.088	1	0.000461514
3-(7)	3.069	7/2+(2)	4.088	3	0.0971347
3-(7)	3.069	9/2+(1)	4.206	1	0.00211949
3-(7)	3.069	9/2+(1)	4.206	3	0.0268187
3-(7)	3.069	1/2+(3)	4.278	3	0.00529544
3-(7)	3.069	3/2+(4)	4.357	1	0.000738125
3-(7)	3.069	3/2+(4)	4.357	3	0.00236507
3-(7)	3.069	5/2+(4)	4.61	1	0.000623315
3-(7)	3.069	5/2+(4)	4.61	3	0.0146626
3-(7)	3.069	3/2+(5)	4.702	1	0.000181731
3-(7)	3.069	3/2+(5)	4.702	3	0.0011536
3-(7)	3.069	3/2+(6)	5.092	1	0.000159697
3-(7)	3.069	3/2+(6)	5.092	3	0.00289889
3-(7)	3.069	7/2+(3)	5.142	1	0.00137756
3-(7)	3.069	7/2+(3)	5.142	3	0.000472155
3-(7)	3.069	5/2+(5)	5.177	1	0.000120592
3-(7)	3.069	5/2+(5)	5.177	3	0.00180902
3-(7)	3.069	1/2+(4)	5.218	3	0.00684359
3-(7)	3.069	7/2+(4)	5.332	1	0.000373939
3-(7)	3.069	7/2+(4)	5.332	3	0.0155537
6-(1)	3.165	5/2+(1)	1.924	3	0.750404
6-(1)	3.165	5/2+(2)	2.951	3	0.00639744
6-(1)	3.165	7/2+(1)	2.967	3	0.00227012
6-(1)	3.165	5/2+(3)	3.844	3	0.000802982
6-(1)	3.165	7/2+(2)	4.088	3	0.0212266
6-(1)	3.165	9/2+(1)	4.206	1	0.0502947
6-(1)	3.165	9/2+(1)	4.206	3	0.0384803
6-(1)	3.165	5/2+(4)	4.61	3	0.000551962
6-(1)	3.165	7/2+(3)	5.142	3	0.00249276
6-(1)	3.165	5/2+(5)	5.177	3	0.00392248
6-(1)	3.165	7/2+(4)	5.332	3	0.000147425
2-(6)	3.17	3/2+(1)	0	1	0.0137606
2-(6)	3.17	3/2+(1)	0	3	0.0455413
2-(6)	3.17	1/2+(1)	0.853	1	0.0787693
2-(6)	3.17	1/2+(1)	0.853	3	0.000894518
2-(6)	3.17	5/2+(1)	1.924	1	0.0185363
2-(6)	3.17	5/2+(1)	1.924	3	0.00160131
2-(6)	3.17	3/2+(2)	2.243	1	0.000116731
2-(6)	3.17	3/2+(2)	2.243	3	0.0212144
2-(6)	3.17	5/2+(2)	2.951	1	0.000402009
2-(6)	3.17	5/2+(2)	2.951	3	0.00235307
2-(6)	3.17	7/2+(1)	2.967	1	0.0218926
2-(6)	3.17	7/2+(1)	2.967	3	0.0408092
2-(6)	3.17	3/2+(3)	3.587	1	0.000300269
2-(6)	3.17	3/2+(3)	3.587	3	0.00280006
2-(6)	3.17	5/2+(3)	3.844	1	0.000569569
2-(6)	3.17	5/2+(3)	3.844	3	0.0261685
2-(6)	3.17	1/2+(2)	3.945	1	0.0025017
2-(6)	3.17	1/2+(2)	3.945	3	0.0017893
2-(6)	3.17	7/2+(2)	4.088	1	0.00725298
2-(6)	3.17	7/2+(2)	4.088	3	0.0201342
2-(6)	3.17	9/2+(1)	4.206	3	0.0136905
2-(6)	3.17	1/2+(3)	4.278	1	0.00257512
2-(6)	3.17	1/2+(3)	4.278	3	0.000301586
2-(6)	3.17	3/2+(4)	4.357	1	0.00151499
2-(6)	3.17	3/2+(4)	4.357	3	0.00106174
2-(6)	3.17	5/2+(4)	4.61	1	0.0038823
2-(6)	3.17	5/2+(4)	4.61	3	0.00586878
2-(6)	3.17	3/2+(5)	4.702	1	0.00255315
2-(6)	3.17	3/2+(5)	4.702	3	0.00477524
2-(6)	3.17	3/2+(6)	5.092	1	0.00130269
2-(6)	3.17	3/2+(6)	5.092	3	0.0205026
2-(6)	3.17	7/2+(3)	5.142	1	0.000431857
2-(6)	3.17	7/2+(3)	5.142	3	0.00511388
2-(6)	3.17	5/2+(5)	5.177	1	0.000270871
2-(6)	3.17	5/2+(5)	5.177	3	0.00250305
2-(6)	3.17	1/2+(4)	5.218	1	0.00679728
2-(6)	3.17	1/2+(4)	5.218	3	0.00105589
2-(6)	3.17	7/2+(4)	5.332	1	0.000738242
2-(6)	3.17	7/2+(4)	5.332	3	0.000210996
3-(8)	3.205	3/2+(1)	0	1	0.00399431
3-(8)	3.205	3/2+(1)	0	3	0.0105953
3-(8)	3.205	1/2+(1)	0.853	3	0.000350503
3-(8)	3.205	5/2+(1)	1.924	1	0.00854189
3-(8)	3.205	5/2+(1)	1.924	3	0.122024
3-(8)	3.205	3/2+(2)	2.243	1	0.0174889
3-(8)	3.205	3/2+(2)	2.243	3	0.0561537
3-(8)	3.205	5/2+(2)	2.951	1	0.0387016
3-(8)	3.205	5/2+(2)	2.951	3	1.4091e-05
3-(8)	3.205	7/2+(1)	2.967	1	0.00990254
3-(8)	3.205	7/2+(1)	2.967	3	0.0789324
3-(8)	3.205	3/2+(3)	3.587	1	1.43019e-05
3-(8)	3.205	3/2+(3)	3.587	3	0.0183507
3-(8)	3.205	5/2+(3)	3.844	1	0.00481957
3-(8)	3.205	5/2+(3)	3.844	3	0.00523682
3-(8)	3.205	1/2+(2)	3.945	3	0.0148278
3-(8)	3.205	7/2+(2)	4.088	1	0.00225201
3-(8)	3.205	7/2+(2)	4.088	3	0.129812
3-(8)	3.205	9/2+(1)	4.206	1	0.00312385
3-(8)	3.205	9/2+(1)	4.206	3	0.00542174
3-(8)	3.205	1/2+(3)	4.278	3	0.0010839
3-(8)	3.205	3/2+(4)	4.357	1	8.61747e-07
3-(8)	3.205	3/2+(4)	4.357	3	0.00452907
3-(8)	3.205	5/2+(4)	4.61	1	0.0028013
3-(8)	3.205	5/2+(4)	4.61	3	0.00176947
3-(8)	3.205	3/2+(5)	4.702	1	0.000309188
3-(8)	3.205	3/2+(5)	4.702	3	0.00190564
3-(8)	3.205	3/2+(6)	5.092	1	0.000103275
3-(8)	3.205	3/2+(6)	5.092	3	0.000190282
3-(8)	3.205	7/2+(3)	5.142	1	0.00016371
3-(8)	3.205	7/2+(3)	5.142	3	0.0192378
3-(8)	3.205	5/2+(5)	5.177	1	0.0012474
3-(8)	3.205	5/2+(5)	5.177	3	0.00151272
3-(8)	3.205	1/2+(4)	5.218	3	0.00237165
3-(8)	3.205	7/2+(4)	5.332	1	0.000524157
3-(8)	3.205	7/2+(4)	5.332	3	0.00613612
5-(4)	3.259	3/2+(1)	0	3	0.0172827
5-(4)	3.259	5/2+(1)	1.924	3	0.180238
5-(4)	3.259	3/2+(2)	2.243	3	0.483165
5-(4)	3.259	5/2+(2)	2.951	3	0.00401114
5-(4)	3.259	7/2+(1)	2.967	1	0.00134439
5-(4)	3.259	7/2+(1)	2.967	3	0.0306203
5-(4)	3.259	3/2+(3)	3.587	3	0.00643521
5-(4)	3.259	5/2+(3)	3.844	3	0.0139074
5-(4)	3.259	7/2+(2)	4.088	1	0.021224
5-(4)	3.259	7/2+(2)	4.088	3	0.0101045
5-(4)	3.259	9/2+(1)	4.206	1	0.00789899
5-(4)	3.259	9/2+(1)	4.206	3	0.0097442
5-(4)	3.259	3/2+(4)	4.357	3	5.18394e-05
5-(4)	3.259	5/2+(4)	4.61	3	0.0100368
5-(4)	3.259	3/2+(5)	4.702	3	0.00024092
5-(4)	3.259	3/2+(6)	5.092	3	0.000469642
5-(4)	3.259	7/2+(3)	5.142	1	0.00215405
5-(4)	3.259	7/2+(3)	5.142	3	0.00306527
5-(4)	3.259	5/2+(5)	5.177	3	0.00408976
5-(4)	3.259	7/2+(4)	5.332	1	0.0103265
5-(4)	3.259	7/2+(4)	5.332	3	0.00847918
2-(7)	3.297	3/2+(1)	0	1	0.0751464
2-(7)	3.297	3/2+(1)	0	3	0.00802679
2-(7)	3.297	1/2+(1)	0.853	1	0.000504454
2-(7)	3.297	1/2+(1)	0.853	3	1.34016e-05
2-(7)	3.297	5/2+(1)	1.924	1	0.0460034
2-(7)	3.297	5/2+(1)	1.924	3	0.0314151
2-(7)	3.297	3/2+(2)	2.243	1	0.00656376
2-(7)	3.297	3/2+(2)	2.243	3	0.0173281
2-(7)	3.297	5/2+(2)	2.951	1	0.000871872
2-(7)	3.297	5/2+(2)	2.951	3	0.0237099
2-(7)	3.297	7/2+(1)	2.967	1	0.00555266
2-(7)	3.297	7/2+(1)	2.967	3	0.244303
2-(7)	3.297	3/2+(3)	3.587	1	1.83675e-05
2-(7)	3.297	3/2+(3)	3.587	3	0.00206719
2-(7)	3.297	5/2+(3)	3.844	1	0.00353651
2-(7)	3.297	5/2+(3)	3.844	3	0.000582376
2-(7)	3.297	1/2+(2)	3.945	1	0.000248048
2-(7)	3.297	1/2+(2)	3.945	3	1.49548e-05
2-(7)	3.297	7/2+(2)	4.088	1	0.000384804
2-(7)	3.297	7/2+(2)	4.088	3	0.0130199
2-(7)	3.297	9/2+(1)	4.206	3	0.0735202
2-(7)	3.297	1/2+(3)	4.278	1	1.58923e-06
2-(7)	3.297	1/2+(3)	4.278	3	7.23265e-05
2-(7)	3.297	3/2+(4)	4.357	1	0.000228071
2-(7)	3.297	3/2+(4)	4.357	3	0.000776514
2-(7)	3.297	5/2+(4)	4.61	1	0.00403095
2-(7)	3.297	5/2+(4)	4.61	3	0.00302242
2-(7)	3.297	3/2+(5)	4.702	1	0.00093265
2-(7)	3.297	3/2+(5)	4.702	3	0.000950588
2-(7)	3.297	3/2+(6)	5.092	1	0.000773972
2-(7)	3.297	3/2+(6)	5.092	3	0.00396159
2-(7)	3.297	7/2+(3)	5.142	1	0.00228238
2-(7)	3.297	7/2+(3)	5.142	3	0.00637363
2-(7)	3.297	5/2+(5)	5.177	1	0.000347561
2-(7)	3.297	5/2+(5)	5.177	3	0.000301308
2-(7)	3.297	1/2+(4)	5.218	1	0.00775239
2-(7)	3.297	1/2+(4)	5.218	3	0.000586977
2-(7)	3.297	7/2+(4)	5.332	1	2.32759e-05
2-(7)	3.297	7/2+(4)	5.332	3	0.000543771
3-(9)	3.382	3/2+(1)	0	1	0.000997079
3-(9)	3.382	3/2+(1)	0	3	0.0010174
3-(9)	3.382	1/2+(1)	0.853	3	0.00751101
3-(9)	3.382	5/2+(1)	1.924	1	0.0383431
3-(9)	3.382	5/2+(1)	1.924	3	0.193574
3-(9)	3.382	3/2+(2)	2.243	1	0.000159703
3-(9)	3.382	3/2+(2)	2.243	3	0.0746935
3-(9)	3.382	5/2+(2)	2.951	1	0.00180849
3-(9)	3.382	5/2+(2)	2.951	3	0.0509833
3-(9)	3.382	7/2+(1)	2.967	1	0.0234119
3-(9)	3.382	7/2+(1)	2.967	3	0.0897528
3-(9)	3.382	3/2+(3)	3.587	1	0.015713
3-(9)	3.382	3/2+(3)	3.587	3	0.00293237
3-(9)	3.382	5/2+(3)	3.844	1	0.00479591
3-(9)	3.382	5/2+(3)	3.844	3	0.0383738
3-(9)	3.382	1/2+(2)	3.945	3	0.000216469
3-(9)	3.382	7/2+(2)	4.088	1	0.00771659
3-(9)	3.382	7/2+(2)	4.088	3	0.00072527
3-(9)	3.382	9/2+(1)	4.206	1	0.000214717
3-(9)	3.382	9/2+(1)	4.206	3	0.0473941
3-(9)	3.382	1/2+(3)	4.278	3	0.00199451
3-(9)	3.382	3/2+(4)	4.357	1	0.00468409
3-(9)	3.382	3/2+(4)	4.357	3	0.00811748
3-(9)	3.382	5/2+(4)	4.61	1	0.00112404
3-(9)	3.382	5/2+(4)	4.61	3	0.00682778
3-(9)	3.382	3/2+(5)	4.702	1	0.000210649
3-(9)	3.382	3/2+(5)	4.702	3	0.00239253
3-(9)	3.382	3/2+(6)	5.092	1	0.000173498
3-(9)	3.382	3/2+(6)	5.092	3	0.000986722
3-(9)	3.382	7/2+(3)	5.142	1	0.000584702
3-(9)	3.382	7/2+(3)	5.142	3	0.0059459
3-(9)	3.382	5/2+(5)	5.177	1	0.000671207
3-(9)	3.382	5/2+(5)	5.177	3	0.000845647
3-(9)	3.382	1/2+(4)	5.218	3	0.00108588
3-(9)	3.382	7/2+(4)	5.332	1	1.21163e-05
3-(9)	3.382	7/2+(4)	5.332	3	0.00735013
2-(8)	3.437	3/2+(1)	0	1	0.114811
2-(8)	3.437	3/2+(1)	0	3	0.00496451
2-(8)	3.437	1/2+(1)	0.853	1	0.0200476
2-(8)	3.437	1/2+(1)	0.853	3	0.00127418
2-(8)	3.437	5/2+(1)	1.924	1	0.00632588
2-(8)	3.437	5/2+(1)	1.924	3	0.0208629
2-(8)	3.437	3/2+(2)	2.243	1	0.0264049
2-(8)	3.437	3/2+(2)	2.243	3	0.0632716
2-(8)	3.437	5/2+(2)	2.951	1	0.0614636
2-(8)	3.437	5/2+(2)	2.951	3	0.0487294
2-(8)	3.437	7/2+(1)	2.967	1	0.0127613
2-(8)	3.437	7/2+(1)	2.967	3	0.00732842
2-(8)	3.437	3/2+(3)	3.587	1	0.0117368
2-(8)	3.437	3/2+(3)	3.587	3	0.00166865
2-(8)	3.437	5/2+(3)	3.844	1	0.0166221
2-(8)	3.437	5/2+(3)	3.844	3	0.0352672
2-(8)	3.437	1/2+(2)	3.945	1	0.0015738
2-(8)	3.437	1/2+(2)	3.945	3	0.000299411
2-(8)	3.437	7/2+(2)	4.088	1	0.00553804
2-(8)	3.437	7/2+(2)	4.088	3	0.0333895
2-(8)	3.437	9/2+(1)	4.206	3	0.0531308
2-(8)	3.437	1/2+(3)	4.278	1	0.00350078
2-(8)	3.437	1/2+(3)	4.278	3	4.58421e-05
2-(8)	3.437	3/2+(4)	4.357	1	0.000130993
2-(8)	3.437	3/2+(4)	4.357	3	0.00207281
2-(8)	3.437	5/2+(4)	4.61	1	0.00280292
2-(8)	3.437	5/2+(4)	4.61	3	0.000188603
2-(8)	3.437	3/2+(5)	4.702	1	0.00130952
2-(8)	3.437	3/2+(5)	4.702	3	0.000438405
