#Spectroscopic factors for transition between 34S_fsu9_M0T2+ and 33S_fsu9_M1T1+
#File: 34S_fsu9+.xml Final(daugter) system file: 33S_fsu9+.xml
#parent Ex(p) daugther Ex(d) L SF=|A|^2 
0+(1)	0	3/2+(1)	0	2	1.88352
0+(1)	0	1/2+(1)	0.853	0	0.92685
0+(1)	0	5/2+(1)	1.924	2	0.0117884
0+(1)	0	3/2+(2)	2.243	2	0.128871
0+(1)	0	5/2+(2)	2.951	2	1.3564
0+(1)	0	3/2+(3)	3.587	2	0.0373503
0+(1)	0	5/2+(3)	3.844	2	0.932401
0+(1)	0	1/2+(2)	3.945	0	0.000625288
0+(1)	0	1/2+(3)	4.278	0	0.0466606
0+(1)	0	3/2+(4)	4.357	2	0.036272
0+(1)	0	5/2+(4)	4.61	2	0.0324742
0+(1)	0	3/2+(5)	4.702	2	0.0055987
0+(1)	0	3/2+(6)	5.092	2	0.00297412
0+(1)	0	5/2+(5)	5.177	2	0.00292017
0+(1)	0	1/2+(4)	5.218	0	0.431997
2+(1)	2.132	3/2+(1)	0	0	0.00224583
2+(1)	2.132	3/2+(1)	0	2	0.843735
2+(1)	2.132	1/2+(1)	0.853	2	0.0465743
2+(1)	2.132	5/2+(1)	1.924	0	0.360156
2+(1)	2.132	5/2+(1)	1.924	2	0.571766
2+(1)	2.132	3/2+(2)	2.243	0	0.323245
2+(1)	2.132	3/2+(2)	2.243	2	0.119431
2+(1)	2.132	5/2+(2)	2.951	0	0.0479891
2+(1)	2.132	5/2+(2)	2.951	2	0.0191833
2+(1)	2.132	7/2+(1)	2.967	2	0.227716
2+(1)	2.132	3/2+(3)	3.587	0	0.009853
2+(1)	2.132	3/2+(3)	3.587	2	0.0589591
2+(1)	2.132	5/2+(3)	3.844	0	0.0103614
2+(1)	2.132	5/2+(3)	3.844	2	0.138004
2+(1)	2.132	1/2+(2)	3.945	2	0.0447201
2+(1)	2.132	7/2+(2)	4.088	2	0.42568
2+(1)	2.132	9/2+(1)	4.206	2	0.194726
2+(1)	2.132	1/2+(3)	4.278	2	0.00334768
2+(1)	2.132	3/2+(4)	4.357	0	0.0500993
2+(1)	2.132	3/2+(4)	4.357	2	0.00360604
2+(1)	2.132	5/2+(4)	4.61	0	0.0287221
2+(1)	2.132	5/2+(4)	4.61	2	0.0549727
2+(1)	2.132	3/2+(5)	4.702	0	0.00171512
2+(1)	2.132	3/2+(5)	4.702	2	0.00539517
2+(1)	2.132	3/2+(6)	5.092	0	6.22916e-05
2+(1)	2.132	3/2+(6)	5.092	2	0.0396535
2+(1)	2.132	7/2+(3)	5.142	2	0.152198
2+(1)	2.132	5/2+(5)	5.177	0	0.00710019
2+(1)	2.132	5/2+(5)	5.177	2	0.0223797
2+(1)	2.132	1/2+(4)	5.218	2	0.12223
2+(1)	2.132	7/2+(4)	5.332	2	0.106282
2+(2)	3.124	3/2+(1)	0	0	0.0301931
2+(2)	3.124	3/2+(1)	0	2	0.261407
2+(2)	3.124	1/2+(1)	0.853	2	0.200046
2+(2)	3.124	5/2+(1)	1.924	0	0.0130435
2+(2)	3.124	5/2+(1)	1.924	2	0.0158164
2+(2)	3.124	3/2+(2)	2.243	0	0.0175273
2+(2)	3.124	3/2+(2)	2.243	2	0.0855319
2+(2)	3.124	5/2+(2)	2.951	0	0.227328
2+(2)	3.124	5/2+(2)	2.951	2	0.0361032
2+(2)	3.124	7/2+(1)	2.967	2	0.71154
2+(2)	3.124	3/2+(3)	3.587	0	0.145905
2+(2)	3.124	3/2+(3)	3.587	2	0.00831641
2+(2)	3.124	5/2+(3)	3.844	0	0.0573114
2+(2)	3.124	5/2+(3)	3.844	2	0.0864246
2+(2)	3.124	1/2+(2)	3.945	2	0.0510564
2+(2)	3.124	7/2+(2)	4.088	2	0.0920691
2+(2)	3.124	9/2+(1)	4.206	2	0.0780462
2+(2)	3.124	1/2+(3)	4.278	2	0.0189869
2+(2)	3.124	3/2+(4)	4.357	0	0.00137307
2+(2)	3.124	3/2+(4)	4.357	2	0.20284
2+(2)	3.124	5/2+(4)	4.61	0	0.228028
2+(2)	3.124	5/2+(4)	4.61	2	0.0343517
2+(2)	3.124	3/2+(5)	4.702	0	0.00598521
2+(2)	3.124	3/2+(5)	4.702	2	0.0434597
2+(2)	3.124	3/2+(6)	5.092	0	0.0682335
2+(2)	3.124	3/2+(6)	5.092	2	0.037363
2+(2)	3.124	7/2+(3)	5.142	2	0.0247559
2+(2)	3.124	5/2+(5)	5.177	0	0.0299021
2+(2)	3.124	5/2+(5)	5.177	2	0.0569984
2+(2)	3.124	1/2+(4)	5.218	2	0.129727
2+(2)	3.124	7/2+(4)	5.332	2	0.109771
0+(2)	3.756	3/2+(1)	0	2	0.000475559
0+(2)	3.756	1/2+(1)	0.853	0	0.0127054
0+(2)	3.756	5/2+(1)	1.924	2	0.00374982
0+(2)	3.756	3/2+(2)	2.243	2	0.0657797
0+(2)	3.756	5/2+(2)	2.951	2	0.00846945
0+(2)	3.756	3/2+(3)	3.587	2	1.38799
0+(2)	3.756	5/2+(3)	3.844	2	0.0523775
0+(2)	3.756	1/2+(2)	3.945	0	0.214296
0+(2)	3.756	1/2+(3)	4.278	0	0.405784
0+(2)	3.756	3/2+(4)	4.357	2	0.0378108
0+(2)	3.756	5/2+(4)	4.61	2	0.00251908
0+(2)	3.756	3/2+(5)	4.702	2	0.0768953
0+(2)	3.756	3/2+(6)	5.092	2	0.179324
0+(2)	3.756	5/2+(5)	5.177	2	0.0141308
0+(2)	3.756	1/2+(4)	5.218	0	0.0697047
1+(1)	3.781	3/2+(1)	0	0	0.00823089
1+(1)	3.781	3/2+(1)	0	2	0.000821588
1+(1)	3.781	1/2+(1)	0.853	0	0.00200582
1+(1)	3.781	1/2+(1)	0.853	2	0.0465022
1+(1)	3.781	5/2+(1)	1.924	2	0.0183986
1+(1)	3.781	3/2+(2)	2.243	0	0.0380048
1+(1)	3.781	3/2+(2)	2.243	2	5.08062e-05
1+(1)	3.781	5/2+(2)	2.951	2	0.165931
1+(1)	3.781	7/2+(1)	2.967	2	0.000188371
1+(1)	3.781	3/2+(3)	3.587	0	0.000825635
1+(1)	3.781	3/2+(3)	3.587	2	0.0057896
1+(1)	3.781	5/2+(3)	3.844	2	0.304405
1+(1)	3.781	1/2+(2)	3.945	0	0.1716
1+(1)	3.781	1/2+(2)	3.945	2	0.175549
1+(1)	3.781	7/2+(2)	4.088	2	0.0218102
1+(1)	3.781	1/2+(3)	4.278	0	0.0416174
1+(1)	3.781	1/2+(3)	4.278	2	0.146645
1+(1)	3.781	3/2+(4)	4.357	0	0.000128519
1+(1)	3.781	3/2+(4)	4.357	2	0.232773
1+(1)	3.781	5/2+(4)	4.61	2	0.511499
1+(1)	3.781	3/2+(5)	4.702	0	0.0960101
1+(1)	3.781	3/2+(5)	4.702	2	0.0886359
1+(1)	3.781	3/2+(6)	5.092	0	0.416511
1+(1)	3.781	3/2+(6)	5.092	2	0.0304796
1+(1)	3.781	7/2+(3)	5.142	2	0.0355408
1+(1)	3.781	5/2+(5)	5.177	2	0.0797698
1+(1)	3.781	1/2+(4)	5.218	0	2.88694e-06
1+(1)	3.781	1/2+(4)	5.218	2	0.222522
1+(1)	3.781	7/2+(4)	5.332	2	0.00561248
2+(3)	4.126	3/2+(1)	0	0	0.0682127
2+(3)	4.126	3/2+(1)	0	2	0.372245
2+(3)	4.126	1/2+(1)	0.853	2	0.231985
2+(3)	4.126	5/2+(1)	1.924	0	0.155382
2+(3)	4.126	5/2+(1)	1.924	2	0.881202
2+(3)	4.126	3/2+(2)	2.243	0	0.0347966
2+(3)	4.126	3/2+(2)	2.243	2	0.0704429
2+(3)	4.126	5/2+(2)	2.951	0	0.000136983
2+(3)	4.126	5/2+(2)	2.951	2	0.0118412
2+(3)	4.126	7/2+(1)	2.967	2	0.0195516
2+(3)	4.126	3/2+(3)	3.587	0	0.0798609
2+(3)	4.126	3/2+(3)	3.587	2	0.219072
2+(3)	4.126	5/2+(3)	3.844	0	0.00245752
2+(3)	4.126	5/2+(3)	3.844	2	0.00220509
2+(3)	4.126	1/2+(2)	3.945	2	0.00094253
2+(3)	4.126	7/2+(2)	4.088	2	0.0169809
2+(3)	4.126	9/2+(1)	4.206	2	0.216494
2+(3)	4.126	1/2+(3)	4.278	2	0.00317974
2+(3)	4.126	3/2+(4)	4.357	0	0.0126045
2+(3)	4.126	3/2+(4)	4.357	2	0.00290072
2+(3)	4.126	5/2+(4)	4.61	0	2.55688e-05
2+(3)	4.126	5/2+(4)	4.61	2	0.0178307
2+(3)	4.126	3/2+(5)	4.702	0	0.00871554
2+(3)	4.126	3/2+(5)	4.702	2	0.0256966
2+(3)	4.126	3/2+(6)	5.092	0	0.00255167
2+(3)	4.126	3/2+(6)	5.092	2	0.00441568
2+(3)	4.126	7/2+(3)	5.142	2	0.0510539
2+(3)	4.126	5/2+(5)	5.177	0	0.0251403
2+(3)	4.126	5/2+(5)	5.177	2	0.0154211
2+(3)	4.126	1/2+(4)	5.218	2	0.00579115
2+(3)	4.126	7/2+(4)	5.332	2	0.0734552
2+(4)	4.6	3/2+(1)	0	0	8.6462e-05
2+(4)	4.6	3/2+(1)	0	2	0.00593181
2+(4)	4.6	1/2+(1)	0.853	2	0.00237129
2+(4)	4.6	5/2+(1)	1.924	0	0.0205628
2+(4)	4.6	5/2+(1)	1.924	2	2.53158e-05
2+(4)	4.6	3/2+(2)	2.243	0	0.000162675
2+(4)	4.6	3/2+(2)	2.243	2	0.0176577
2+(4)	4.6	5/2+(2)	2.951	0	0.00504973
2+(4)	4.6	5/2+(2)	2.951	2	0.0180312
2+(4)	4.6	7/2+(1)	2.967	2	0.00281659
2+(4)	4.6	3/2+(3)	3.587	0	3.47717e-05
2+(4)	4.6	3/2+(3)	3.587	2	0.00636956
2+(4)	4.6	5/2+(3)	3.844	0	0.00316128
2+(4)	4.6	5/2+(3)	3.844	2	0.1824
2+(4)	4.6	1/2+(2)	3.945	2	0.00684652
2+(4)	4.6	7/2+(2)	4.088	2	0.0520259
2+(4)	4.6	9/2+(1)	4.206	2	0.00902167
2+(4)	4.6	1/2+(3)	4.278	2	0.0782648
2+(4)	4.6	3/2+(4)	4.357	0	0.000251874
2+(4)	4.6	3/2+(4)	4.357	2	0.163709
2+(4)	4.6	5/2+(4)	4.61	0	0.0247012
2+(4)	4.6	5/2+(4)	4.61	2	0.317988
2+(4)	4.6	3/2+(5)	4.702	0	0.352343
2+(4)	4.6	3/2+(5)	4.702	2	0.00350613
2+(4)	4.6	3/2+(6)	5.092	0	0.0410075
2+(4)	4.6	3/2+(6)	5.092	2	0.0729554
2+(4)	4.6	7/2+(3)	5.142	2	0.462613
2+(4)	4.6	5/2+(5)	5.177	0	0.0542986
2+(4)	4.6	5/2+(5)	5.177	2	0.302535
2+(4)	4.6	1/2+(4)	5.218	2	0.0173601
2+(4)	4.6	7/2+(4)	5.332	2	0.0136904
3+(1)	4.704	3/2+(1)	0	2	0.0168874
3+(1)	4.704	1/2+(1)	0.853	2	0.00865079
3+(1)	4.704	5/2+(1)	1.924	0	0.0677544
3+(1)	4.704	5/2+(1)	1.924	2	0.10458
3+(1)	4.704	3/2+(2)	2.243	2	0.158504
3+(1)	4.704	5/2+(2)	2.951	0	0.0336852
3+(1)	4.704	5/2+(2)	2.951	2	0.229593
3+(1)	4.704	7/2+(1)	2.967	0	0.0166367
3+(1)	4.704	7/2+(1)	2.967	2	0.367618
3+(1)	4.704	3/2+(3)	3.587	2	0.0299822
3+(1)	4.704	5/2+(3)	3.844	0	0.00298791
3+(1)	4.704	5/2+(3)	3.844	2	0.0219462
3+(1)	4.704	1/2+(2)	3.945	2	0.00137831
3+(1)	4.704	7/2+(2)	4.088	0	0.0531673
3+(1)	4.704	7/2+(2)	4.088	2	0.0949447
3+(1)	4.704	9/2+(1)	4.206	2	0.265238
3+(1)	4.704	1/2+(3)	4.278	2	0.00350342
3+(1)	4.704	3/2+(4)	4.357	2	0.117536
3+(1)	4.704	5/2+(4)	4.61	0	0.0463172
3+(1)	4.704	5/2+(4)	4.61	2	0.0608089
3+(1)	4.704	3/2+(5)	4.702	2	0.00383874
3+(1)	4.704	3/2+(6)	5.092	2	0.0251877
3+(1)	4.704	7/2+(3)	5.142	0	0.0130974
3+(1)	4.704	7/2+(3)	5.142	2	0.0128311
3+(1)	4.704	5/2+(5)	5.177	0	0.0470937
3+(1)	4.704	5/2+(5)	5.177	2	0.0209809
3+(1)	4.704	1/2+(4)	5.218	2	0.00323999
3+(1)	4.704	7/2+(4)	5.332	0	0.0629716
3+(1)	4.704	7/2+(4)	5.332	2	0.0352322
4+(1)	4.837	3/2+(1)	0	2	0.00144443
4+(1)	4.837	5/2+(1)	1.924	2	0.024785
4+(1)	4.837	3/2+(2)	2.243	2	0.00730554
4+(1)	4.837	5/2+(2)	2.951	2	0.0890919
4+(1)	4.837	7/2+(1)	2.967	0	0.000338784
4+(1)	4.837	7/2+(1)	2.967	2	0.360991
4+(1)	4.837	3/2+(3)	3.587	2	0.000857511
4+(1)	4.837	5/2+(3)	3.844	2	0.00120356
4+(1)	4.837	7/2+(2)	4.088	0	0.0394762
4+(1)	4.837	7/2+(2)	4.088	2	0.317756
4+(1)	4.837	9/2+(1)	4.206	0	0.138115
4+(1)	4.837	9/2+(1)	4.206	2	0.89206
4+(1)	4.837	3/2+(4)	4.357	2	0.0163039
4+(1)	4.837	5/2+(4)	4.61	2	0.0151893
4+(1)	4.837	3/2+(5)	4.702	2	8.83226e-05
4+(1)	4.837	3/2+(6)	5.092	2	0.00109692
4+(1)	4.837	7/2+(3)	5.142	0	0.178822
4+(1)	4.837	7/2+(3)	5.142	2	0.055741
4+(1)	4.837	5/2+(5)	5.177	2	0.0141392
4+(1)	4.837	7/2+(4)	5.332	0	0.206121
4+(1)	4.837	7/2+(4)	5.332	2	0.0281315
0+(3)	5.175	3/2+(1)	0	2	0.00323284
0+(3)	5.175	1/2+(1)	0.853	0	0.224627
0+(3)	5.175	5/2+(1)	1.924	2	0.0823527
0+(3)	5.175	3/2+(2)	2.243	2	1.17455
0+(3)	5.175	5/2+(2)	2.951	2	0.0190502
0+(3)	5.175	3/2+(3)	3.587	2	0.0680494
0+(3)	5.175	5/2+(3)	3.844	2	0.00635811
0+(3)	5.175	1/2+(2)	3.945	0	0.00334472
0+(3)	5.175	1/2+(3)	4.278	0	0.0465668
0+(3)	5.175	3/2+(4)	4.357	2	0.109536
0+(3)	5.175	5/2+(4)	4.61	2	0.00122267
0+(3)	5.175	3/2+(5)	4.702	2	0.0497239
0+(3)	5.175	3/2+(6)	5.092	2	0.0931268
0+(3)	5.175	5/2+(5)	5.177	2	0.040024
0+(3)	5.175	1/2+(4)	5.218	0	0.000911825
1+(2)	5.432	3/2+(1)	0	0	0.0615136
1+(2)	5.432	3/2+(1)	0	2	0.0435311
1+(2)	5.432	1/2+(1)	0.853	0	8.5349e-06
1+(2)	5.432	1/2+(1)	0.853	2	0.336242
1+(2)	5.432	5/2+(1)	1.924	2	0.393645
1+(2)	5.432	3/2+(2)	2.243	0	0.274544
1+(2)	5.432	3/2+(2)	2.243	2	0.520569
1+(2)	5.432	5/2+(2)	2.951	2	6.18186e-06
1+(2)	5.432	7/2+(1)	2.967	2	0.00677288
1+(2)	5.432	3/2+(3)	3.587	0	0.0670018
1+(2)	5.432	3/2+(3)	3.587	2	0.0510349
1+(2)	5.432	5/2+(3)	3.844	2	0.00770887
1+(2)	5.432	1/2+(2)	3.945	0	1.30582e-06
1+(2)	5.432	1/2+(2)	3.945	2	0.0780732
1+(2)	5.432	7/2+(2)	4.088	2	0.00305632
1+(2)	5.432	1/2+(3)	4.278	0	0.000190285
1+(2)	5.432	1/2+(3)	4.278	2	0.00317104
1+(2)	5.432	3/2+(4)	4.357	0	0.0140813
1+(2)	5.432	3/2+(4)	4.357	2	0.00359438
1+(2)	5.432	5/2+(4)	4.61	2	0.0203521
1+(2)	5.432	3/2+(5)	4.702	0	0.00846637
1+(2)	5.432	3/2+(5)	4.702	2	0.0518965
1+(2)	5.432	3/2+(6)	5.092	0	0.0122293
1+(2)	5.432	3/2+(6)	5.092	2	0.00407999
1+(2)	5.432	7/2+(3)	5.142	2	0.1748
1+(2)	5.432	5/2+(5)	5.177	2	0.00479442
1+(2)	5.432	1/2+(4)	5.218	0	0.000721127
1+(2)	5.432	1/2+(4)	5.218	2	0.00314548
1+(2)	5.432	7/2+(4)	5.332	2	0.231691
2+(5)	6.041	3/2+(1)	0	0	0.00442253
2+(5)	6.041	3/2+(1)	0	2	0.005073
2+(5)	6.041	1/2+(1)	0.853	2	0.0108317
2+(5)	6.041	5/2+(1)	1.924	0	0.0124286
2+(5)	6.041	5/2+(1)	1.924	2	0.0167116
2+(5)	6.041	3/2+(2)	2.243	0	0.0317944
2+(5)	6.041	3/2+(2)	2.243	2	0.012909
2+(5)	6.041	5/2+(2)	2.951	0	0.0147281
2+(5)	6.041	5/2+(2)	2.951	2	0.0287661
2+(5)	6.041	7/2+(1)	2.967	2	0.00392816
2+(5)	6.041	3/2+(3)	3.587	0	0.00154816
2+(5)	6.041	3/2+(3)	3.587	2	0.311028
2+(5)	6.041	5/2+(3)	3.844	0	2.01336e-06
2+(5)	6.041	5/2+(3)	3.844	2	9.45707e-05
2+(5)	6.041	1/2+(2)	3.945	2	0.0593111
2+(5)	6.041	7/2+(2)	4.088	2	0.111795
2+(5)	6.041	9/2+(1)	4.206	2	0.00167865
2+(5)	6.041	1/2+(3)	4.278	2	0.161993
2+(5)	6.041	3/2+(4)	4.357	0	0.000445128
2+(5)	6.041	3/2+(4)	4.357	2	0.0106167
2+(5)	6.041	5/2+(4)	4.61	0	0.00210604
2+(5)	6.041	5/2+(4)	4.61	2	0.0377657
2+(5)	6.041	3/2+(5)	4.702	0	0.0279408
2+(5)	6.041	3/2+(5)	4.702	2	0.0643086
2+(5)	6.041	3/2+(6)	5.092	0	0.00128879
2+(5)	6.041	3/2+(6)	5.092	2	0.0925222
2+(5)	6.041	7/2+(3)	5.142	2	0.00242139
2+(5)	6.041	5/2+(5)	5.177	0	0.0718081
2+(5)	6.041	5/2+(5)	5.177	2	0.129616
2+(5)	6.041	1/2+(4)	5.218	2	0.00686285
2+(5)	6.041	7/2+(4)	5.332	2	0.0621293
3+(2)	6.145	3/2+(1)	0	2	0.01318
3+(2)	6.145	1/2+(1)	0.853	2	0.000244577
3+(2)	6.145	5/2+(1)	1.924	0	0.00307135
3+(2)	6.145	5/2+(1)	1.924	2	0.00600846
3+(2)	6.145	3/2+(2)	2.243	2	0.033965
3+(2)	6.145	5/2+(2)	2.951	0	7.87004e-05
3+(2)	6.145	5/2+(2)	2.951	2	0.183249
3+(2)	6.145	7/2+(1)	2.967	0	0.00730727
3+(2)	6.145	7/2+(1)	2.967	2	0.123829
3+(2)	6.145	3/2+(3)	3.587	2	0.00750723
3+(2)	6.145	5/2+(3)	3.844	0	0.00434727
3+(2)	6.145	5/2+(3)	3.844	2	0.0784253
3+(2)	6.145	1/2+(2)	3.945	2	0.00785936
3+(2)	6.145	7/2+(2)	4.088	0	0.1186
3+(2)	6.145	7/2+(2)	4.088	2	0.00376566
3+(2)	6.145	9/2+(1)	4.206	2	0.0350449
3+(2)	6.145	1/2+(3)	4.278	2	0.00231774
3+(2)	6.145	3/2+(4)	4.357	2	0.0197876
3+(2)	6.145	5/2+(4)	4.61	0	1.15861e-05
3+(2)	6.145	5/2+(4)	4.61	2	0.115553
3+(2)	6.145	3/2+(5)	4.702	2	0.0327509
3+(2)	6.145	3/2+(6)	5.092	2	0.0566125
3+(2)	6.145	7/2+(3)	5.142	0	0.00372463
3+(2)	6.145	7/2+(3)	5.142	2	0.0396004
3+(2)	6.145	5/2+(5)	5.177	0	0.0242892
3+(2)	6.145	5/2+(5)	5.177	2	0.252797
3+(2)	6.145	1/2+(4)	5.218	2	0.00034923
3+(2)	6.145	7/2+(4)	5.332	0	0.0971913
3+(2)	6.145	7/2+(4)	5.332	2	0.0807339
2+(6)	6.705	3/2+(1)	0	0	0.00920887
2+(6)	6.705	3/2+(1)	0	2	0.0176943
2+(6)	6.705	1/2+(1)	0.853	2	0.0138943
2+(6)	6.705	5/2+(1)	1.924	0	0.00509729
2+(6)	6.705	5/2+(1)	1.924	2	0.0255697
2+(6)	6.705	3/2+(2)	2.243	0	0.0153886
2+(6)	6.705	3/2+(2)	2.243	2	0.0126943
2+(6)	6.705	5/2+(2)	2.951	0	0.108042
2+(6)	6.705	5/2+(2)	2.951	2	0.161108
2+(6)	6.705	7/2+(1)	2.967	2	0.0351982
2+(6)	6.705	3/2+(3)	3.587	0	0.00737453
2+(6)	6.705	3/2+(3)	3.587	2	0.0207907
2+(6)	6.705	5/2+(3)	3.844	0	0.0085885
2+(6)	6.705	5/2+(3)	3.844	2	0.0817299
2+(6)	6.705	1/2+(2)	3.945	2	0.00756772
2+(6)	6.705	7/2+(2)	4.088	2	0.498264
2+(6)	6.705	9/2+(1)	4.206	2	0.00316383
2+(6)	6.705	1/2+(3)	4.278	2	0.0320394
2+(6)	6.705	3/2+(4)	4.357	0	0.00478909
2+(6)	6.705	3/2+(4)	4.357	2	0.0181418
2+(6)	6.705	5/2+(4)	4.61	0	0.00203702
2+(6)	6.705	5/2+(4)	4.61	2	0.00451001
2+(6)	6.705	3/2+(5)	4.702	0	0.000238157
2+(6)	6.705	3/2+(5)	4.702	2	0.00768038
2+(6)	6.705	3/2+(6)	5.092	0	0.000645334
2+(6)	6.705	3/2+(6)	5.092	2	0.0240329
2+(6)	6.705	7/2+(3)	5.142	2	0.0130446
2+(6)	6.705	5/2+(5)	5.177	0	0.0155662
2+(6)	6.705	5/2+(5)	5.177	2	0.0820589
2+(6)	6.705	1/2+(4)	5.218	2	0.00935775
2+(6)	6.705	7/2+(4)	5.332	2	0.0463231
4+(2)	6.747	3/2+(1)	0	2	0.00291579
4+(2)	6.747	5/2+(1)	1.924	2	0.0121013
4+(2)	6.747	3/2+(2)	2.243	2	0.00220639
4+(2)	6.747	5/2+(2)	2.951	2	0.0443517
4+(2)	6.747	7/2+(1)	2.967	0	0.0140671
4+(2)	6.747	7/2+(1)	2.967	2	0.105867
4+(2)	6.747	3/2+(3)	3.587	2	2.22957e-05
4+(2)	6.747	5/2+(3)	3.844	2	0.0920015
4+(2)	6.747	7/2+(2)	4.088	0	0.0293823
4+(2)	6.747	7/2+(2)	4.088	2	0.0378544
4+(2)	6.747	9/2+(1)	4.206	0	0.0917927
4+(2)	6.747	9/2+(1)	4.206	2	0.0243402
4+(2)	6.747	3/2+(4)	4.357	2	6.41457e-05
4+(2)	6.747	5/2+(4)	4.61	2	0.0194625
4+(2)	6.747	3/2+(5)	4.702	2	0.0088591
4+(2)	6.747	3/2+(6)	5.092	2	0.00610046
4+(2)	6.747	7/2+(3)	5.142	0	0.050196
4+(2)	6.747	7/2+(3)	5.142	2	0.064475
4+(2)	6.747	5/2+(5)	5.177	2	0.0122081
4+(2)	6.747	7/2+(4)	5.332	0	0.00794624
4+(2)	6.747	7/2+(4)	5.332	2	0.133629
3+(3)	6.787	3/2+(1)	0	2	0.0171908
3+(3)	6.787	1/2+(1)	0.853	2	0.00307008
3+(3)	6.787	5/2+(1)	1.924	0	0.032165
3+(3)	6.787	5/2+(1)	1.924	2	0.00489225
3+(3)	6.787	3/2+(2)	2.243	2	0.0355226
3+(3)	6.787	5/2+(2)	2.951	0	0.0320837
3+(3)	6.787	5/2+(2)	2.951	2	0.175627
3+(3)	6.787	7/2+(1)	2.967	0	0.00995557
3+(3)	6.787	7/2+(1)	2.967	2	0.176701
3+(3)	6.787	3/2+(3)	3.587	2	0.00247129
3+(3)	6.787	5/2+(3)	3.844	0	0.0134794
3+(3)	6.787	5/2+(3)	3.844	2	0.0514325
3+(3)	6.787	1/2+(2)	3.945	2	0.000501552
3+(3)	6.787	7/2+(2)	4.088	0	0.111983
3+(3)	6.787	7/2+(2)	4.088	2	0.0968049
3+(3)	6.787	9/2+(1)	4.206	2	0.201314
3+(3)	6.787	1/2+(3)	4.278	2	0.0018299
3+(3)	6.787	3/2+(4)	4.357	2	0.0687681
3+(3)	6.787	5/2+(4)	4.61	0	0.00746611
3+(3)	6.787	5/2+(4)	4.61	2	0.00636905
3+(3)	6.787	3/2+(5)	4.702	2	0.0511067
3+(3)	6.787	3/2+(6)	5.092	2	0.0279764
3+(3)	6.787	7/2+(3)	5.142	0	0.00539836
3+(3)	6.787	7/2+(3)	5.142	2	0.0332206
3+(3)	6.787	5/2+(5)	5.177	0	0.00937292
3+(3)	6.787	5/2+(5)	5.177	2	0.0486028
3+(3)	6.787	1/2+(4)	5.218	2	0.000790974
3+(3)	6.787	7/2+(4)	5.332	0	0.0243276
3+(3)	6.787	7/2+(4)	5.332	2	0.214048
4+(3)	6.883	3/2+(1)	0	2	0.000563104
4+(3)	6.883	5/2+(1)	1.924	2	0.0850751
4+(3)	6.883	3/2+(2)	2.243	2	0.000107457
4+(3)	6.883	5/2+(2)	2.951	2	0.0112637
4+(3)	6.883	7/2+(1)	2.967	0	0.0570083
4+(3)	6.883	7/2+(1)	2.967	2	0.369947
4+(3)	6.883	3/2+(3)	3.587	2	0.000603514
4+(3)	6.883	5/2+(3)	3.844	2	0.0214104
4+(3)	6.883	7/2+(2)	4.088	0	0.0326592
4+(3)	6.883	7/2+(2)	4.088	2	0.0599237
4+(3)	6.883	9/2+(1)	4.206	0	0.113724
4+(3)	6.883	9/2+(1)	4.206	2	0.321016
4+(3)	6.883	3/2+(4)	4.357	2	0.00190465
4+(3)	6.883	5/2+(4)	4.61	2	0.0151922
4+(3)	6.883	3/2+(5)	4.702	2	0.00521935
4+(3)	6.883	3/2+(6)	5.092	2	0.000569485
4+(3)	6.883	7/2+(3)	5.142	0	0.0128343
4+(3)	6.883	7/2+(3)	5.142	2	0.121529
4+(3)	6.883	5/2+(5)	5.177	2	0.00480172
4+(3)	6.883	7/2+(4)	5.332	0	0.000660191
4+(3)	6.883	7/2+(4)	5.332	2	0.0129169
0+(4)	6.92	3/2+(1)	0	2	0.000333489
0+(4)	6.92	1/2+(1)	0.853	0	0.0178929
0+(4)	6.92	5/2+(1)	1.924	2	0.00788357
0+(4)	6.92	3/2+(2)	2.243	2	0.18864
0+(4)	6.92	5/2+(2)	2.951	2	0.00201143
0+(4)	6.92	3/2+(3)	3.587	2	0.00077276
0+(4)	6.92	5/2+(3)	3.844	2	0.0019221
0+(4)	6.92	1/2+(2)	3.945	0	0.00339716
0+(4)	6.92	1/2+(3)	4.278	0	0.0877645
0+(4)	6.92	3/2+(4)	4.357	2	0.674193
0+(4)	6.92	5/2+(4)	4.61	2	0.00383149
0+(4)	6.92	3/2+(5)	4.702	2	0.139332
0+(4)	6.92	3/2+(6)	5.092	2	0.00391783
0+(4)	6.92	5/2+(5)	5.177	2	0.0500086
0+(4)	6.92	1/2+(4)	5.218	0	0.00247968
2+(7)	7.221	3/2+(1)	0	0	0.000690319
2+(7)	7.221	3/2+(1)	0	2	0.0130405
2+(7)	7.221	1/2+(1)	0.853	2	0.0473934
2+(7)	7.221	5/2+(1)	1.924	0	0.0398589
2+(7)	7.221	5/2+(1)	1.924	2	0.0392616
2+(7)	7.221	3/2+(2)	2.243	0	0.0307737
2+(7)	7.221	3/2+(2)	2.243	2	0.00782548
2+(7)	7.221	5/2+(2)	2.951	0	0.000101736
2+(7)	7.221	5/2+(2)	2.951	2	0.229878
2+(7)	7.221	7/2+(1)	2.967	2	0.00615654
2+(7)	7.221	3/2+(3)	3.587	0	0.00551475
2+(7)	7.221	3/2+(3)	3.587	2	0.164653
2+(7)	7.221	5/2+(3)	3.844	0	0.0649985
2+(7)	7.221	5/2+(3)	3.844	2	0.00627489
2+(7)	7.221	1/2+(2)	3.945	2	0.0249219
2+(7)	7.221	7/2+(2)	4.088	2	0.0677791
2+(7)	7.221	9/2+(1)	4.206	2	0.0217148
2+(7)	7.221	1/2+(3)	4.278	2	0.00179417
2+(7)	7.221	3/2+(4)	4.357	0	0.000119037
2+(7)	7.221	3/2+(4)	4.357	2	0.00539421
2+(7)	7.221	5/2+(4)	4.61	0	0.0229953
2+(7)	7.221	5/2+(4)	4.61	2	0.00227415
2+(7)	7.221	3/2+(5)	4.702	0	8.78252e-05
2+(7)	7.221	3/2+(5)	4.702	2	0.0085073
2+(7)	7.221	3/2+(6)	5.092	0	3.61821e-05
2+(7)	7.221	3/2+(6)	5.092	2	0.0101968
2+(7)	7.221	7/2+(3)	5.142	2	0.0412867
2+(7)	7.221	5/2+(5)	5.177	0	0.016293
2+(7)	7.221	5/2+(5)	5.177	2	0.00294379
2+(7)	7.221	1/2+(4)	5.218	2	0.00431305
2+(7)	7.221	7/2+(4)	5.332	2	0.144436
1+(3)	7.456	3/2+(1)	0	0	0.00953098
1+(3)	7.456	3/2+(1)	0	2	0.00606951
1+(3)	7.456	1/2+(1)	0.853	0	5.47043e-05
1+(3)	7.456	1/2+(1)	0.853	2	0.0196403
1+(3)	7.456	5/2+(1)	1.924	2	0.0442918
1+(3)	7.456	3/2+(2)	2.243	0	0.0041876
1+(3)	7.456	3/2+(2)	2.243	2	0.0022649
1+(3)	7.456	5/2+(2)	2.951	2	0.00138976
1+(3)	7.456	7/2+(1)	2.967	2	0.00353144
1+(3)	7.456	3/2+(3)	3.587	0	0.0209238
1+(3)	7.456	3/2+(3)	3.587	2	0.000174677
1+(3)	7.456	5/2+(3)	3.844	2	0.0037305
1+(3)	7.456	1/2+(2)	3.945	0	0.0125021
1+(3)	7.456	1/2+(2)	3.945	2	0.17324
1+(3)	7.456	7/2+(2)	4.088	2	0.000678918
1+(3)	7.456	1/2+(3)	4.278	0	0.00765985
1+(3)	7.456	1/2+(3)	4.278	2	0.0161822
1+(3)	7.456	3/2+(4)	4.357	0	0.0367031
1+(3)	7.456	3/2+(4)	4.357	2	0.0247072
1+(3)	7.456	5/2+(4)	4.61	2	0.00102809
1+(3)	7.456	3/2+(5)	4.702	0	0.137121
1+(3)	7.456	3/2+(5)	4.702	2	0.382967
1+(3)	7.456	3/2+(6)	5.092	0	0.00632758
1+(3)	7.456	3/2+(6)	5.092	2	0.00254755
1+(3)	7.456	7/2+(3)	5.142	2	0.00788092
1+(3)	7.456	5/2+(5)	5.177	2	0.0125717
1+(3)	7.456	1/2+(4)	5.218	0	0.000216698
1+(3)	7.456	1/2+(4)	5.218	2	0.015025
1+(3)	7.456	7/2+(4)	5.332	2	0.0013932
2+(8)	7.543	3/2+(1)	0	0	0.00447326
2+(8)	7.543	3/2+(1)	0	2	0.0118786
2+(8)	7.543	1/2+(1)	0.853	2	0.0165976
2+(8)	7.543	5/2+(1)	1.924	0	0.00904911
2+(8)	7.543	5/2+(1)	1.924	2	0.0249809
2+(8)	7.543	3/2+(2)	2.243	0	0.00667315
2+(8)	7.543	3/2+(2)	2.243	2	0.0192732
2+(8)	7.543	5/2+(2)	2.951	0	0.0461536
2+(8)	7.543	5/2+(2)	2.951	2	0.0368686
2+(8)	7.543	7/2+(1)	2.967	2	0.00309334
2+(8)	7.543	3/2+(3)	3.587	0	0.0114707
2+(8)	7.543	3/2+(3)	3.587	2	0.224343
2+(8)	7.543	5/2+(3)	3.844	0	0.0531155
2+(8)	7.543	5/2+(3)	3.844	2	0.0395668
2+(8)	7.543	1/2+(2)	3.945	2	0.0307731
2+(8)	7.543	7/2+(2)	4.088	2	0.0109631
2+(8)	7.543	9/2+(1)	4.206	2	0.002182
2+(8)	7.543	1/2+(3)	4.278	2	0.0359202
2+(8)	7.543	3/2+(4)	4.357	0	0.00862763
2+(8)	7.543	3/2+(4)	4.357	2	0.022802
2+(8)	7.543	5/2+(4)	4.61	0	6.35723e-05
2+(8)	7.543	5/2+(4)	4.61	2	0.0289494
2+(8)	7.543	3/2+(5)	4.702	0	0.0303315
2+(8)	7.543	3/2+(5)	4.702	2	0.00122797
2+(8)	7.543	3/2+(6)	5.092	0	0.000250416
2+(8)	7.543	3/2+(6)	5.092	2	0.00399841
2+(8)	7.543	7/2+(3)	5.142	2	0.151504
2+(8)	7.543	5/2+(5)	5.177	0	0.0769529
2+(8)	7.543	5/2+(5)	5.177	2	0.102228
2+(8)	7.543	1/2+(4)	5.218	2	0.000107474
2+(8)	7.543	7/2+(4)	5.332	2	0.128918
4+(4)	7.616	3/2+(1)	0	2	0.00697318
4+(4)	7.616	5/2+(1)	1.924	2	0.0164647
4+(4)	7.616	3/2+(2)	2.243	2	0.00586873
4+(4)	7.616	5/2+(2)	2.951	2	0.116798
4+(4)	7.616	7/2+(1)	2.967	0	0.00344339
4+(4)	7.616	7/2+(1)	2.967	2	0.098047
4+(4)	7.616	3/2+(3)	3.587	2	0.00150895
4+(4)	7.616	5/2+(3)	3.844	2	0.228342
4+(4)	7.616	7/2+(2)	4.088	0	0.00267046
4+(4)	7.616	7/2+(2)	4.088	2	0.0213059
4+(4)	7.616	9/2+(1)	4.206	0	0.0285635
4+(4)	7.616	9/2+(1)	4.206	2	0.00287814
4+(4)	7.616	3/2+(4)	4.357	2	0.00046304
4+(4)	7.616	5/2+(4)	4.61	2	0.0438143
4+(4)	7.616	3/2+(5)	4.702	2	0.0097384
4+(4)	7.616	3/2+(6)	5.092	2	0.000902515
4+(4)	7.616	7/2+(3)	5.142	0	0.002827
4+(4)	7.616	7/2+(3)	5.142	2	0.0712408
4+(4)	7.616	5/2+(5)	5.177	2	0.00268174
4+(4)	7.616	7/2+(4)	5.332	0	0.00116548
4+(4)	7.616	7/2+(4)	5.332	2	0.0650696
2+(9)	7.787	3/2+(1)	0	0	0.000209742
2+(9)	7.787	3/2+(1)	0	2	0.00922932
2+(9)	7.787	1/2+(1)	0.853	2	0.00112468
2+(9)	7.787	5/2+(1)	1.924	0	0.0232386
2+(9)	7.787	5/2+(1)	1.924	2	0.000789959
2+(9)	7.787	3/2+(2)	2.243	0	0.00654165
2+(9)	7.787	3/2+(2)	2.243	2	0.000902602
2+(9)	7.787	5/2+(2)	2.951	0	0.00193723
2+(9)	7.787	5/2+(2)	2.951	2	0.00673082
2+(9)	7.787	7/2+(1)	2.967	2	0.00809638
2+(9)	7.787	3/2+(3)	3.587	0	0.0200271
2+(9)	7.787	3/2+(3)	3.587	2	0.175053
2+(9)	7.787	5/2+(3)	3.844	0	0.0158356
2+(9)	7.787	5/2+(3)	3.844	2	0.00350772
2+(9)	7.787	1/2+(2)	3.945	2	0.118256
2+(9)	7.787	7/2+(2)	4.088	2	0.00268063
2+(9)	7.787	9/2+(1)	4.206	2	0.0046819
2+(9)	7.787	1/2+(3)	4.278	2	0.00530206
2+(9)	7.787	3/2+(4)	4.357	0	0.00102622
2+(9)	7.787	3/2+(4)	4.357	2	0.012893
2+(9)	7.787	5/2+(4)	4.61	0	0.00170755
2+(9)	7.787	5/2+(4)	4.61	2	0.0194389
2+(9)	7.787	3/2+(5)	4.702	0	0.00406916
2+(9)	7.787	3/2+(5)	4.702	2	0.0103705
2+(9)	7.787	3/2+(6)	5.092	0	0.00156322
2+(9)	7.787	3/2+(6)	5.092	2	0.00505328
2+(9)	7.787	7/2+(3)	5.142	2	0.0369124
2+(9)	7.787	5/2+(5)	5.177	0	0.0026505
2+(9)	7.787	5/2+(5)	5.177	2	0.0536964
2+(9)	7.787	1/2+(4)	5.218	2	0.000315972
2+(9)	7.787	7/2+(4)	5.332	2	0.141449
3+(4)	7.791	3/2+(1)	0	2	0.00890133
3+(4)	7.791	1/2+(1)	0.853	2	6.77743e-07
3+(4)	7.791	5/2+(1)	1.924	0	0.000469474
3+(4)	7.791	5/2+(1)	1.924	2	0.0114321
3+(4)	7.791	3/2+(2)	2.243	2	0.0243591
3+(4)	7.791	5/2+(2)	2.951	0	0.000670071
3+(4)	7.791	5/2+(2)	2.951	2	0.0201238
3+(4)	7.791	7/2+(1)	2.967	0	0.0016792
3+(4)	7.791	7/2+(1)	2.967	2	0.0491702
3+(4)	7.791	3/2+(3)	3.587	2	0.00527301
3+(4)	7.791	5/2+(3)	3.844	0	0.0202918
3+(4)	7.791	5/2+(3)	3.844	2	0.205388
3+(4)	7.791	1/2+(2)	3.945	2	0.000389938
3+(4)	7.791	7/2+(2)	4.088	0	0.0563904
3+(4)	7.791	7/2+(2)	4.088	2	0.0203911
3+(4)	7.791	9/2+(1)	4.206	2	0.0222749
3+(4)	7.791	1/2+(3)	4.278	2	0.000107938
3+(4)	7.791	3/2+(4)	4.357	2	0.03483
3+(4)	7.791	5/2+(4)	4.61	0	0.001803
3+(4)	7.791	5/2+(4)	4.61	2	0.0465177
3+(4)	7.791	3/2+(5)	4.702	2	0.000805001
3+(4)	7.791	3/2+(6)	5.092	2	0.0028555
3+(4)	7.791	7/2+(3)	5.142	0	0.0376097
3+(4)	7.791	7/2+(3)	5.142	2	0.0233844
3+(4)	7.791	5/2+(5)	5.177	0	0.00206665
3+(4)	7.791	5/2+(5)	5.177	2	0.0198543
3+(4)	7.791	1/2+(4)	5.218	2	0.000110247
3+(4)	7.791	7/2+(4)	5.332	0	0.0771249
3+(4)	7.791	7/2+(4)	5.332	2	0.0405355
0+(5)	8	3/2+(1)	0	2	0.00101999
0+(5)	8	1/2+(1)	0.853	0	0.0121674
0+(5)	8	5/2+(1)	1.924	2	0.000181025
0+(5)	8	3/2+(2)	2.243	2	0.000753867
0+(5)	8	5/2+(2)	2.951	2	0.00652431
0+(5)	8	3/2+(3)	3.587	2	0.00806065
0+(5)	8	5/2+(3)	3.844	2	4.7315e-05
0+(5)	8	1/2+(2)	3.945	0	0.197959
0+(5)	8	1/2+(3)	4.278	0	0.00123744
0+(5)	8	3/2+(4)	4.357	2	0.362263
0+(5)	8	5/2+(4)	4.61	2	0.00265959
0+(5)	8	3/2+(5)	4.702	2	0.533811
0+(5)	8	3/2+(6)	5.092	2	0.00220459
0+(5)	8	5/2+(5)	5.177	2	0.0179935
0+(5)	8	1/2+(4)	5.218	0	0.000583223
1+(4)	8.088	3/2+(1)	0	0	0.000844591
1+(4)	8.088	3/2+(1)	0	2	0.00210571
1+(4)	8.088	1/2+(1)	0.853	0	0.000880078
1+(4)	8.088	1/2+(1)	0.853	2	0.00959106
1+(4)	8.088	5/2+(1)	1.924	2	0.0105167
1+(4)	8.088	3/2+(2)	2.243	0	0.00656913
1+(4)	8.088	3/2+(2)	2.243	2	0.00188998
1+(4)	8.088	5/2+(2)	2.951	2	0.00412405
1+(4)	8.088	7/2+(1)	2.967	2	2.33637e-05
1+(4)	8.088	3/2+(3)	3.587	0	0.00017972
1+(4)	8.088	3/2+(3)	3.587	2	0.00684681
1+(4)	8.088	5/2+(3)	3.844	2	2.94473e-05
1+(4)	8.088	1/2+(2)	3.945	0	0.00114813
1+(4)	8.088	1/2+(2)	3.945	2	0.0774634
1+(4)	8.088	7/2+(2)	4.088	2	0.000885033
1+(4)	8.088	1/2+(3)	4.278	0	0.0167652
1+(4)	8.088	1/2+(3)	4.278	2	0.11707
1+(4)	8.088	3/2+(4)	4.357	0	0.0577059
1+(4)	8.088	3/2+(4)	4.357	2	0.399417
1+(4)	8.088	5/2+(4)	4.61	2	2.37706e-05
1+(4)	8.088	3/2+(5)	4.702	0	8.47347e-05
1+(4)	8.088	3/2+(5)	4.702	2	0.00481209
1+(4)	8.088	3/2+(6)	5.092	0	0.000706698
1+(4)	8.088	3/2+(6)	5.092	2	0.00248699
1+(4)	8.088	7/2+(3)	5.142	2	0.00214622
1+(4)	8.088	5/2+(5)	5.177	2	0.0366837
1+(4)	8.088	1/2+(4)	5.218	0	0.0116669
1+(4)	8.088	1/2+(4)	5.218	2	3.27464e-06
1+(4)	8.088	7/2+(4)	5.332	2	0.00400417
4+(5)	8.402	3/2+(1)	0	2	0.0022693
4+(5)	8.402	5/2+(1)	1.924	2	0.0108587
4+(5)	8.402	3/2+(2)	2.243	2	0.00122755
4+(5)	8.402	5/2+(2)	2.951	2	0.0511194
4+(5)	8.402	7/2+(1)	2.967	0	0.0400581
4+(5)	8.402	7/2+(1)	2.967	2	0.0299739
4+(5)	8.402	3/2+(3)	3.587	2	0.000904569
4+(5)	8.402	5/2+(3)	3.844	2	0.00732317
4+(5)	8.402	7/2+(2)	4.088	0	0.00861225
4+(5)	8.402	7/2+(2)	4.088	2	0.033988
4+(5)	8.402	9/2+(1)	4.206	0	0.00608028
4+(5)	8.402	9/2+(1)	4.206	2	0.041728
4+(5)	8.402	3/2+(4)	4.357	2	0.00154468
4+(5)	8.402	5/2+(4)	4.61	2	0.00815225
4+(5)	8.402	3/2+(5)	4.702	2	0.000135885
4+(5)	8.402	3/2+(6)	5.092	2	6.76823e-05
4+(5)	8.402	7/2+(3)	5.142	0	0.00249691
4+(5)	8.402	7/2+(3)	5.142	2	0.0289851
4+(5)	8.402	5/2+(5)	5.177	2	0.0150198
4+(5)	8.402	7/2+(4)	5.332	0	0.0192427
4+(5)	8.402	7/2+(4)	5.332	2	0.0481208
1+(5)	8.557	3/2+(1)	0	0	0.000910631
1+(5)	8.557	3/2+(1)	0	2	0.00118849
1+(5)	8.557	1/2+(1)	0.853	0	0.00807104
1+(5)	8.557	1/2+(1)	0.853	2	0.011815
1+(5)	8.557	5/2+(1)	1.924	2	0.00897551
1+(5)	8.557	3/2+(2)	2.243	0	0.0318591
1+(5)	8.557	3/2+(2)	2.243	2	0.0253373
1+(5)	8.557	5/2+(2)	2.951	2	0.0926688
1+(5)	8.557	7/2+(1)	2.967	2	0.00377222
1+(5)	8.557	3/2+(3)	3.587	0	0.0179641
1+(5)	8.557	3/2+(3)	3.587	2	0.0024808
1+(5)	8.557	5/2+(3)	3.844	2	0.0883389
1+(5)	8.557	1/2+(2)	3.945	0	0.0206523
1+(5)	8.557	1/2+(2)	3.945	2	7.72861e-08
1+(5)	8.557	7/2+(2)	4.088	2	0.0300374
1+(5)	8.557	1/2+(3)	4.278	0	0.00220101
1+(5)	8.557	1/2+(3)	4.278	2	0.149658
1+(5)	8.557	3/2+(4)	4.357	0	0.0396547
1+(5)	8.557	3/2+(4)	4.357	2	0.109515
1+(5)	8.557	5/2+(4)	4.61	2	0.01378
1+(5)	8.557	3/2+(5)	4.702	0	0.0448223
1+(5)	8.557	3/2+(5)	4.702	2	0.0180817
1+(5)	8.557	3/2+(6)	5.092	0	0.00100226
1+(5)	8.557	3/2+(6)	5.092	2	0.00337598
1+(5)	8.557	7/2+(3)	5.142	2	2.29368e-06
1+(5)	8.557	5/2+(5)	5.177	2	0.0768358
1+(5)	8.557	1/2+(4)	5.218	0	0.00206347
1+(5)	8.557	1/2+(4)	5.218	2	0.000833325
1+(5)	8.557	7/2+(4)	5.332	2	0.00186631
5+(1)	8.73	5/2+(1)	1.924	2	0.00566878
5+(1)	8.73	5/2+(2)	2.951	2	0.000164715
5+(1)	8.73	7/2+(1)	2.967	2	0.0094445
5+(1)	8.73	5/2+(3)	3.844	2	0.00248997
5+(1)	8.73	7/2+(2)	4.088	2	0.144567
5+(1)	8.73	9/2+(1)	4.206	0	0.00255344
5+(1)	8.73	9/2+(1)	4.206	2	0.00802623
5+(1)	8.73	5/2+(4)	4.61	2	0.00491495
5+(1)	8.73	7/2+(3)	5.142	2	0.0941345
5+(1)	8.73	5/2+(5)	5.177	2	0.000342143
5+(1)	8.73	7/2+(4)	5.332	2	0.0766029
2+(10)	8.751	3/2+(1)	0	0	0.00847582
2+(10)	8.751	3/2+(1)	0	2	0.0122864
2+(10)	8.751	1/2+(1)	0.853	2	0.00269504
2+(10)	8.751	5/2+(1)	1.924	0	0.00929887
2+(10)	8.751	5/2+(1)	1.924	2	0.00840398
2+(10)	8.751	3/2+(2)	2.243	0	0.0073488
2+(10)	8.751	3/2+(2)	2.243	2	0.00143602
2+(10)	8.751	5/2+(2)	2.951	0	0.000832453
2+(10)	8.751	5/2+(2)	2.951	2	0.0240351
2+(10)	8.751	7/2+(1)	2.967	2	0.00753513
2+(10)	8.751	3/2+(3)	3.587	0	0.0157416
2+(10)	8.751	3/2+(3)	3.587	2	0.00104696
2+(10)	8.751	5/2+(3)	3.844	0	0.0107971
2+(10)	8.751	5/2+(3)	3.844	2	0.146247
2+(10)	8.751	1/2+(2)	3.945	2	0.0326552
2+(10)	8.751	7/2+(2)	4.088	2	0.171249
2+(10)	8.751	9/2+(1)	4.206	2	0.00935646
2+(10)	8.751	1/2+(3)	4.278	2	0.00577421
2+(10)	8.751	3/2+(4)	4.357	0	0.00197291
2+(10)	8.751	3/2+(4)	4.357	2	0.00982451
2+(10)	8.751	5/2+(4)	4.61	0	0.0148382
2+(10)	8.751	5/2+(4)	4.61	2	0.0396471
2+(10)	8.751	3/2+(5)	4.702	0	0.00357184
2+(10)	8.751	3/2+(5)	4.702	2	0.000441132
2+(10)	8.751	3/2+(6)	5.092	0	3.7092e-05
2+(10)	8.751	3/2+(6)	5.092	2	0.00654433
2+(10)	8.751	7/2+(3)	5.142	2	0.0694498
2+(10)	8.751	5/2+(5)	5.177	0	0.00509566
2+(10)	8.751	5/2+(5)	5.177	2	0.0289188
2+(10)	8.751	1/2+(4)	5.218	2	0.0010166
2+(10)	8.751	7/2+(4)	5.332	2	0.119363
3+(5)	8.763	3/2+(1)	0	2	0.00339128
3+(5)	8.763	1/2+(1)	0.853	2	0.000398532
3+(5)	8.763	5/2+(1)	1.924	0	0.0200724
3+(5)	8.763	5/2+(1)	1.924	2	0.000553768
3+(5)	8.763	3/2+(2)	2.243	2	0.00367311
3+(5)	8.763	5/2+(2)	2.951	0	4.19931e-05
3+(5)	8.763	5/2+(2)	2.951	2	0.00945631
3+(5)	8.763	7/2+(1)	2.967	0	0.00129874
3+(5)	8.763	7/2+(1)	2.967	2	0.0342896
3+(5)	8.763	3/2+(3)	3.587	2	0.00460735
3+(5)	8.763	5/2+(3)	3.844	0	0.000658859
3+(5)	8.763	5/2+(3)	3.844	2	0.003086
3+(5)	8.763	1/2+(2)	3.945	2	3.43284e-05
3+(5)	8.763	7/2+(2)	4.088	0	0.00227605
3+(5)	8.763	7/2+(2)	4.088	2	0.00387424
3+(5)	8.763	9/2+(1)	4.206	2	0.0466869
3+(5)	8.763	1/2+(3)	4.278	2	0.000223909
3+(5)	8.763	3/2+(4)	4.357	2	0.0795281
3+(5)	8.763	5/2+(4)	4.61	0	0.0199809
3+(5)	8.763	5/2+(4)	4.61	2	0.23946
3+(5)	8.763	3/2+(5)	4.702	2	0.052867
3+(5)	8.763	3/2+(6)	5.092	2	0.0476744
3+(5)	8.763	7/2+(3)	5.142	0	0.0250543
3+(5)	8.763	7/2+(3)	5.142	2	0.0297658
3+(5)	8.763	5/2+(5)	5.177	0	0.0148107
3+(5)	8.763	5/2+(5)	5.177	2	0.0491754
3+(5)	8.763	1/2+(4)	5.218	2	1.30328e-05
3+(5)	8.763	7/2+(4)	5.332	0	0.00106199
3+(5)	8.763	7/2+(4)	5.332	2	0.0192557
3+(6)	8.823	3/2+(1)	0	2	0.00699104
3+(6)	8.823	1/2+(1)	0.853	2	0.000223101
3+(6)	8.823	5/2+(1)	1.924	0	0.00701363
3+(6)	8.823	5/2+(1)	1.924	2	0.0270013
3+(6)	8.823	3/2+(2)	2.243	2	0.00964681
3+(6)	8.823	5/2+(2)	2.951	0	0.000125404
3+(6)	8.823	5/2+(2)	2.951	2	0.0073063
3+(6)	8.823	7/2+(1)	2.967	0	0.0482818
3+(6)	8.823	7/2+(1)	2.967	2	0.00585172
3+(6)	8.823	3/2+(3)	3.587	2	0.0106862
3+(6)	8.823	5/2+(3)	3.844	0	0.000180097
3+(6)	8.823	5/2+(3)	3.844	2	0.0112427
3+(6)	8.823	1/2+(2)	3.945	2	8.51071e-06
3+(6)	8.823	7/2+(2)	4.088	0	0.000112011
3+(6)	8.823	7/2+(2)	4.088	2	0.0224862
3+(6)	8.823	9/2+(1)	4.206	2	0.129938
3+(6)	8.823	1/2+(3)	4.278	2	0.000129286
3+(6)	8.823	3/2+(4)	4.357	2	0.0903049
3+(6)	8.823	5/2+(4)	4.61	0	0.0276278
3+(6)	8.823	5/2+(4)	4.61	2	0.138765
3+(6)	8.823	3/2+(5)	4.702	2	0.00945328
3+(6)	8.823	3/2+(6)	5.092	2	0.00435382
3+(6)	8.823	7/2+(3)	5.142	0	0.0971476
3+(6)	8.823	7/2+(3)	5.142	2	0.177683
3+(6)	8.823	5/2+(5)	5.177	0	0.0021093
3+(6)	8.823	5/2+(5)	5.177	2	0.0174646
3+(6)	8.823	1/2+(4)	5.218	2	0.000428751
3+(6)	8.823	7/2+(4)	5.332	0	0.0624333
3+(6)	8.823	7/2+(4)	5.332	2	0.0329647
1+(6)	8.918	3/2+(1)	0	0	0.00202878
1+(6)	8.918	3/2+(1)	0	2	0.00268041
1+(6)	8.918	1/2+(1)	0.853	0	0.0108484
1+(6)	8.918	1/2+(1)	0.853	2	1.87447e-06
1+(6)	8.918	5/2+(1)	1.924	2	0.00809002
1+(6)	8.918	3/2+(2)	2.243	0	0.00272357
1+(6)	8.918	3/2+(2)	2.243	2	0.016647
1+(6)	8.918	5/2+(2)	2.951	2	0.057712
1+(6)	8.918	7/2+(1)	2.967	2	0.00104534
1+(6)	8.918	3/2+(3)	3.587	0	0.0581419
1+(6)	8.918	3/2+(3)	3.587	2	0.0200663
1+(6)	8.918	5/2+(3)	3.844	2	0.151662
1+(6)	8.918	1/2+(2)	3.945	0	0.0263557
1+(6)	8.918	1/2+(2)	3.945	2	0.00198992
1+(6)	8.918	7/2+(2)	4.088	2	0.00214639
1+(6)	8.918	1/2+(3)	4.278	0	0.00379292
1+(6)	8.918	1/2+(3)	4.278	2	0.122743
1+(6)	8.918	3/2+(4)	4.357	0	0.0202805
1+(6)	8.918	3/2+(4)	4.357	2	0.0116932
1+(6)	8.918	5/2+(4)	4.61	2	0.00205814
1+(6)	8.918	3/2+(5)	4.702	0	0.0223276
1+(6)	8.918	3/2+(5)	4.702	2	0.0999814
1+(6)	8.918	3/2+(6)	5.092	0	0.00186069
1+(6)	8.918	3/2+(6)	5.092	2	0.00872415
1+(6)	8.918	7/2+(3)	5.142	2	0.0228316
1+(6)	8.918	5/2+(5)	5.177	2	0.237068
1+(6)	8.918	1/2+(4)	5.218	0	3.3959e-07
1+(6)	8.918	1/2+(4)	5.218	2	0.00743752
1+(6)	8.918	7/2+(4)	5.332	2	0.000101543
2+(11)	8.987	3/2+(1)	0	0	0.000633485
2+(11)	8.987	3/2+(1)	0	2	0.0006189
2+(11)	8.987	1/2+(1)	0.853	2	0.004279
2+(11)	8.987	5/2+(1)	1.924	0	0.00124718
2+(11)	8.987	5/2+(1)	1.924	2	0.00367253
2+(11)	8.987	3/2+(2)	2.243	0	0.000813796
2+(11)	8.987	3/2+(2)	2.243	2	0.00776758
2+(11)	8.987	5/2+(2)	2.951	0	0.00578677
2+(11)	8.987	5/2+(2)	2.951	2	0.000383532
2+(11)	8.987	7/2+(1)	2.967	2	0.000236652
2+(11)	8.987	3/2+(3)	3.587	0	0.0123736
2+(11)	8.987	3/2+(3)	3.587	2	0.00627762
2+(11)	8.987	5/2+(3)	3.844	0	0.0065892
2+(11)	8.987	5/2+(3)	3.844	2	0.00884888
2+(11)	8.987	1/2+(2)	3.945	2	0.0120422
2+(11)	8.987	7/2+(2)	4.088	2	0.00263616
2+(11)	8.987	9/2+(1)	4.206	2	0.000615599
2+(11)	8.987	1/2+(3)	4.278	2	0.0972963
2+(11)	8.987	3/2+(4)	4.357	0	0.0219083
2+(11)	8.987	3/2+(4)	4.357	2	0.0131523
2+(11)	8.987	5/2+(4)	4.61	0	0.0157762
2+(11)	8.987	5/2+(4)	4.61	2	0.00181357
2+(11)	8.987	3/2+(5)	4.702	0	0.000700986
2+(11)	8.987	3/2+(5)	4.702	2	0.00103101
2+(11)	8.987	3/2+(6)	5.092	0	0.0115602
2+(11)	8.987	3/2+(6)	5.092	2	0.225451
2+(11)	8.987	7/2+(3)	5.142	2	0.0520329
2+(11)	8.987	5/2+(5)	5.177	0	0.0609493
2+(11)	8.987	5/2+(5)	5.177	2	0.239768
2+(11)	8.987	1/2+(4)	5.218	2	0.000906679
2+(11)	8.987	7/2+(4)	5.332	2	0.0208921
0+(6)	9.035	3/2+(1)	0	2	0.000497236
0+(6)	9.035	1/2+(1)	0.853	0	0.00114034
0+(6)	9.035	5/2+(1)	1.924	2	1.18294e-05
0+(6)	9.035	3/2+(2)	2.243	2	0.00394408
0+(6)	9.035	5/2+(2)	2.951	2	0.00376385
0+(6)	9.035	3/2+(3)	3.587	2	0.000777133
0+(6)	9.035	5/2+(3)	3.844	2	0.0529287
0+(6)	9.035	1/2+(2)	3.945	0	0.0013476
0+(6)	9.035	1/2+(3)	4.278	0	0.000841218
0+(6)	9.035	3/2+(4)	4.357	2	0.00337332
0+(6)	9.035	5/2+(4)	4.61	2	0.00709216
0+(6)	9.035	3/2+(5)	4.702	2	0.0207255
0+(6)	9.035	3/2+(6)	5.092	2	0.003446
0+(6)	9.035	5/2+(5)	5.177	2	0.000544816
0+(6)	9.035	1/2+(4)	5.218	0	1.47781e-05
2+(12)	9.291	3/2+(1)	0	0	0.000812356
2+(12)	9.291	3/2+(1)	0	2	0.00153855
2+(12)	9.291	1/2+(1)	0.853	2	0.000834927
2+(12)	9.291	5/2+(1)	1.924	0	9.17797e-05
2+(12)	9.291	5/2+(1)	1.924	2	0.00599142
2+(12)	9.291	3/2+(2)	2.243	0	0.00221004
2+(12)	9.291	3/2+(2)	2.243	2	0.000339513
2+(12)	9.291	5/2+(2)	2.951	0	0.000803398
2+(12)	9.291	5/2+(2)	2.951	2	0.00546723
2+(12)	9.291	7/2+(1)	2.967	2	0.00170708
2+(12)	9.291	3/2+(3)	3.587	0	0.00391239
2+(12)	9.291	3/2+(3)	3.587	2	0.000171757
2+(12)	9.291	5/2+(3)	3.844	0	0.00491495
2+(12)	9.291	5/2+(3)	3.844	2	0.00768656
2+(12)	9.291	1/2+(2)	3.945	2	0.0160006
2+(12)	9.291	7/2+(2)	4.088	2	0.00350204
2+(12)	9.291	9/2+(1)	4.206	2	1.29727e-05
2+(12)	9.291	1/2+(3)	4.278	2	0.0293864
2+(12)	9.291	3/2+(4)	4.357	0	0.00060322
2+(12)	9.291	3/2+(4)	4.357	2	0.000198758
2+(12)	9.291	5/2+(4)	4.61	0	0.0039431
2+(12)	9.291	5/2+(4)	4.61	2	0.0412217
2+(12)	9.291	3/2+(5)	4.702	0	0.00112549
2+(12)	9.291	3/2+(5)	4.702	2	0.00877033
2+(12)	9.291	3/2+(6)	5.092	0	0.0272819
2+(12)	9.291	3/2+(6)	5.092	2	0.0843045
2+(12)	9.291	7/2+(3)	5.142	2	0.00347088
2+(12)	9.291	5/2+(5)	5.177	0	0.0015696
2+(12)	9.291	5/2+(5)	5.177	2	0.0137547
2+(12)	9.291	1/2+(4)	5.218	2	0.00135888
2+(12)	9.291	7/2+(4)	5.332	2	0.0262053
3+(7)	9.349	3/2+(1)	0	2	0.00709344
3+(7)	9.349	1/2+(1)	0.853	2	9.11249e-05
3+(7)	9.349	5/2+(1)	1.924	0	0.0056522
3+(7)	9.349	5/2+(1)	1.924	2	0.0028321
3+(7)	9.349	3/2+(2)	2.243	2	0.00106418
3+(7)	9.349	5/2+(2)	2.951	0	9.86134e-05
3+(7)	9.349	5/2+(2)	2.951	2	0.00261377
3+(7)	9.349	7/2+(1)	2.967	0	0.0047525
3+(7)	9.349	7/2+(1)	2.967	2	0.0111323
3+(7)	9.349	3/2+(3)	3.587	2	0.0056302
3+(7)	9.349	5/2+(3)	3.844	0	0.0182829
3+(7)	9.349	5/2+(3)	3.844	2	0.0132038
3+(7)	9.349	1/2+(2)	3.945	2	3.75717e-05
3+(7)	9.349	7/2+(2)	4.088	0	0.0041389
3+(7)	9.349	7/2+(2)	4.088	2	0.0210993
3+(7)	9.349	9/2+(1)	4.206	2	0.0359219
3+(7)	9.349	1/2+(3)	4.278	2	0.000138835
3+(7)	9.349	3/2+(4)	4.357	2	0.00209702
3+(7)	9.349	5/2+(4)	4.61	0	0.00584691
3+(7)	9.349	5/2+(4)	4.61	2	0.0282487
3+(7)	9.349	3/2+(5)	4.702	2	0.00229253
3+(7)	9.349	3/2+(6)	5.092	2	0.0616163
3+(7)	9.349	7/2+(3)	5.142	0	0.000632924
3+(7)	9.349	7/2+(3)	5.142	2	0.0327073
3+(7)	9.349	5/2+(5)	5.177	0	0.00647303
3+(7)	9.349	5/2+(5)	5.177	2	0.00191831
3+(7)	9.349	1/2+(4)	5.218	2	0.00043925
3+(7)	9.349	7/2+(4)	5.332	0	0.00670597
3+(7)	9.349	7/2+(4)	5.332	2	0.0017082
5+(2)	9.415	5/2+(1)	1.924	2	0.00126653
5+(2)	9.415	5/2+(2)	2.951	2	6.43304e-05
5+(2)	9.415	7/2+(1)	2.967	2	0.000417491
5+(2)	9.415	5/2+(3)	3.844	2	0.000162767
5+(2)	9.415	7/2+(2)	4.088	2	0.011808
5+(2)	9.415	9/2+(1)	4.206	0	0.000725935
5+(2)	9.415	9/2+(1)	4.206	2	0.00105976
5+(2)	9.415	5/2+(4)	4.61	2	0.000746009
5+(2)	9.415	7/2+(3)	5.142	2	0.00469646
5+(2)	9.415	5/2+(5)	5.177	2	0.000399142
5+(2)	9.415	7/2+(4)	5.332	2	0.00199849
1+(7)	9.44	3/2+(1)	0	0	0.00684783
1+(7)	9.44	3/2+(1)	0	2	0.00434197
1+(7)	9.44	1/2+(1)	0.853	0	0.0019658
1+(7)	9.44	1/2+(1)	0.853	2	0.00364899
1+(7)	9.44	5/2+(1)	1.924	2	0.0115666
1+(7)	9.44	3/2+(2)	2.243	0	0.00840943
1+(7)	9.44	3/2+(2)	2.243	2	0.00557274
1+(7)	9.44	5/2+(2)	2.951	2	0.0258096
1+(7)	9.44	7/2+(1)	2.967	2	0.0031476
1+(7)	9.44	3/2+(3)	3.587	0	0.00875995
1+(7)	9.44	3/2+(3)	3.587	2	0.000735454
1+(7)	9.44	5/2+(3)	3.844	2	0.0330741
1+(7)	9.44	1/2+(2)	3.945	0	0.0359011
1+(7)	9.44	1/2+(2)	3.945	2	0.00702576
1+(7)	9.44	7/2+(2)	4.088	2	0.0117384
1+(7)	9.44	1/2+(3)	4.278	0	0.00245071
1+(7)	9.44	1/2+(3)	4.278	2	0.0059625
1+(7)	9.44	3/2+(4)	4.357	0	0.000180588
1+(7)	9.44	3/2+(4)	4.357	2	0.0224858
1+(7)	9.44	5/2+(4)	4.61	2	0.00349004
1+(7)	9.44	3/2+(5)	4.702	0	5.20394e-05
1+(7)	9.44	3/2+(5)	4.702	2	0.00625724
1+(7)	9.44	3/2+(6)	5.092	0	0.0264878
1+(7)	9.44	3/2+(6)	5.092	2	0.042045
1+(7)	9.44	7/2+(3)	5.142	2	0.0070851
1+(7)	9.44	5/2+(5)	5.177	2	0.0332887
1+(7)	9.44	1/2+(4)	5.218	0	0.000161411
1+(7)	9.44	1/2+(4)	5.218	2	0.000439935
1+(7)	9.44	7/2+(4)	5.332	2	0.000541989
4+(6)	9.487	3/2+(1)	0	2	0.00157531
4+(6)	9.487	5/2+(1)	1.924	2	0.0136827
4+(6)	9.487	3/2+(2)	2.243	2	0.00498963
4+(6)	9.487	5/2+(2)	2.951	2	0.0134158
4+(6)	9.487	7/2+(1)	2.967	0	0.00506732
4+(6)	9.487	7/2+(1)	2.967	2	0.011812
4+(6)	9.487	3/2+(3)	3.587	2	0.00119716
4+(6)	9.487	5/2+(3)	3.844	2	0.0226885
4+(6)	9.487	7/2+(2)	4.088	0	0.000261087
4+(6)	9.487	7/2+(2)	4.088	2	0.0352734
4+(6)	9.487	9/2+(1)	4.206	0	9.05009e-06
4+(6)	9.487	9/2+(1)	4.206	2	0.0371502
4+(6)	9.487	3/2+(4)	4.357	2	6.28095e-06
4+(6)	9.487	5/2+(4)	4.61	2	0.00244719
4+(6)	9.487	3/2+(5)	4.702	2	0.000209685
4+(6)	9.487	3/2+(6)	5.092	2	0.000777577
4+(6)	9.487	7/2+(3)	5.142	0	0.00494506
4+(6)	9.487	7/2+(3)	5.142	2	0.00429948
4+(6)	9.487	5/2+(5)	5.177	2	0.00201898
4+(6)	9.487	7/2+(4)	5.332	0	0.00220961
4+(6)	9.487	7/2+(4)	5.332	2	0.0722131
6+(1)	9.511	7/2+(1)	2.967	2	0.000699658
6+(1)	9.511	7/2+(2)	4.088	2	0.000440697
6+(1)	9.511	9/2+(1)	4.206	2	0.0988577
6+(1)	9.511	7/2+(3)	5.142	2	0.00336033
6+(1)	9.511	7/2+(4)	5.332	2	0.00335006
3+(8)	9.534	3/2+(1)	0	2	0.010666
3+(8)	9.534	1/2+(1)	0.853	2	0.00517991
3+(8)	9.534	5/2+(1)	1.924	0	0.0183528
3+(8)	9.534	5/2+(1)	1.924	2	0.00263261
3+(8)	9.534	3/2+(2)	2.243	2	0.000725049
3+(8)	9.534	5/2+(2)	2.951	0	0.0037094
3+(8)	9.534	5/2+(2)	2.951	2	0.00919378
3+(8)	9.534	7/2+(1)	2.967	0	0.004404
3+(8)	9.534	7/2+(1)	2.967	2	0.00461265
3+(8)	9.534	3/2+(3)	3.587	2	0.00410487
3+(8)	9.534	5/2+(3)	3.844	0	0.00540978
3+(8)	9.534	5/2+(3)	3.844	2	0.0104974
3+(8)	9.534	1/2+(2)	3.945	2	5.11252e-07
3+(8)	9.534	7/2+(2)	4.088	0	0.00146104
3+(8)	9.534	7/2+(2)	4.088	2	0.0557828
3+(8)	9.534	9/2+(1)	4.206	2	0.0373325
3+(8)	9.534	1/2+(3)	4.278	2	0.000363527
3+(8)	9.534	3/2+(4)	4.357	2	0.00417219
3+(8)	9.534	5/2+(4)	4.61	0	0.00150257
3+(8)	9.534	5/2+(4)	4.61	2	0.00414258
3+(8)	9.534	3/2+(5)	4.702	2	0.0227125
3+(8)	9.534	3/2+(6)	5.092	2	0.0303435
3+(8)	9.534	7/2+(3)	5.142	0	0.00316718
3+(8)	9.534	7/2+(3)	5.142	2	0.00130703
3+(8)	9.534	5/2+(5)	5.177	0	0.00127733
3+(8)	9.534	5/2+(5)	5.177	2	0.00168157
3+(8)	9.534	1/2+(4)	5.218	2	0.000478534
3+(8)	9.534	7/2+(4)	5.332	0	0.0110513
3+(8)	9.534	7/2+(4)	5.332	2	0.0625952
2+(13)	9.656	3/2+(1)	0	0	0.00200557
2+(13)	9.656	3/2+(1)	0	2	0.000920849
2+(13)	9.656	1/2+(1)	0.853	2	0.00143527
2+(13)	9.656	5/2+(1)	1.924	0	9.25981e-05
2+(13)	9.656	5/2+(1)	1.924	2	0.00417466
2+(13)	9.656	3/2+(2)	2.243	0	0.00732591
2+(13)	9.656	3/2+(2)	2.243	2	0.00943987
2+(13)	9.656	5/2+(2)	2.951	0	0.00335862
2+(13)	9.656	5/2+(2)	2.951	2	0.00686703
2+(13)	9.656	7/2+(1)	2.967	2	0.000360759
2+(13)	9.656	3/2+(3)	3.587	0	0.0140882
2+(13)	9.656	3/2+(3)	3.587	2	0.00117868
2+(13)	9.656	5/2+(3)	3.844	0	0.000545891
2+(13)	9.656	5/2+(3)	3.844	2	0.0535756
2+(13)	9.656	1/2+(2)	3.945	2	0.0159222
2+(13)	9.656	7/2+(2)	4.088	2	0.00890964
2+(13)	9.656	9/2+(1)	4.206	2	0.00185761
2+(13)	9.656	1/2+(3)	4.278	2	0.00181856
2+(13)	9.656	3/2+(4)	4.357	0	0.00437123
2+(13)	9.656	3/2+(4)	4.357	2	0.00265081
2+(13)	9.656	5/2+(4)	4.61	0	0.0128733
2+(13)	9.656	5/2+(4)	4.61	2	0.0020299
2+(13)	9.656	3/2+(5)	4.702	0	0.00748395
2+(13)	9.656	3/2+(5)	4.702	2	0.00621108
2+(13)	9.656	3/2+(6)	5.092	0	0.00230841
2+(13)	9.656	3/2+(6)	5.092	2	0.0129881
2+(13)	9.656	7/2+(3)	5.142	2	0.000948179
2+(13)	9.656	5/2+(5)	5.177	0	0.0277949
2+(13)	9.656	5/2+(5)	5.177	2	0.0421029
2+(13)	9.656	1/2+(4)	5.218	2	0.000979462
2+(13)	9.656	7/2+(4)	5.332	2	0.0241152
1+(8)	9.686	3/2+(1)	0	0	7.38382e-06
1+(8)	9.686	3/2+(1)	0	2	0.0009203
1+(8)	9.686	1/2+(1)	0.853	0	0.0209852
1+(8)	9.686	1/2+(1)	0.853	2	7.97592e-05
1+(8)	9.686	5/2+(1)	1.924	2	0.0160165
1+(8)	9.686	3/2+(2)	2.243	0	0.000195344
1+(8)	9.686	3/2+(2)	2.243	2	0.0360708
1+(8)	9.686	5/2+(2)	2.951	2	0.0449466
1+(8)	9.686	7/2+(1)	2.967	2	0.000243669
1+(8)	9.686	3/2+(3)	3.587	0	0.000235666
1+(8)	9.686	3/2+(3)	3.587	2	0.000225343
1+(8)	9.686	5/2+(3)	3.844	2	0.164915
1+(8)	9.686	1/2+(2)	3.945	0	0.00937991
1+(8)	9.686	1/2+(2)	3.945	2	0.0106587
1+(8)	9.686	7/2+(2)	4.088	2	0.00271357
1+(8)	9.686	1/2+(3)	4.278	0	0.0187257
1+(8)	9.686	1/2+(3)	4.278	2	0.00487388
1+(8)	9.686	3/2+(4)	4.357	0	0.00189994
1+(8)	9.686	3/2+(4)	4.357	2	0.0365693
1+(8)	9.686	5/2+(4)	4.61	2	0.0883022
1+(8)	9.686	3/2+(5)	4.702	0	0.0129566
1+(8)	9.686	3/2+(5)	4.702	2	0.0104859
1+(8)	9.686	3/2+(6)	5.092	0	0.03858
1+(8)	9.686	3/2+(6)	5.092	2	0.105
1+(8)	9.686	7/2+(3)	5.142	2	0.00125753
1+(8)	9.686	5/2+(5)	5.177	2	0.0569527
1+(8)	9.686	1/2+(4)	5.218	0	0.000722123
1+(8)	9.686	1/2+(4)	5.218	2	0.000297807
1+(8)	9.686	7/2+(4)	5.332	2	0.00633166
2+(14)	9.736	3/2+(1)	0	0	0.000984172
2+(14)	9.736	3/2+(1)	0	2	0.000210852
2+(14)	9.736	1/2+(1)	0.853	2	0.003551
2+(14)	9.736	5/2+(1)	1.924	0	0.00163415
2+(14)	9.736	5/2+(1)	1.924	2	0.00309902
2+(14)	9.736	3/2+(2)	2.243	0	0.0170939
2+(14)	9.736	3/2+(2)	2.243	2	0.00567823
2+(14)	9.736	5/2+(2)	2.951	0	0.000420164
2+(14)	9.736	5/2+(2)	2.951	2	0.000440802
2+(14)	9.736	7/2+(1)	2.967	2	0.00362112
2+(14)	9.736	3/2+(3)	3.587	0	5.09794e-07
2+(14)	9.736	3/2+(3)	3.587	2	0.00253684
2+(14)	9.736	5/2+(3)	3.844	0	0.0141377
2+(14)	9.736	5/2+(3)	3.844	2	0.00737628
2+(14)	9.736	1/2+(2)	3.945	2	0.0174613
2+(14)	9.736	7/2+(2)	4.088	2	0.00630106
2+(14)	9.736	9/2+(1)	4.206	2	0.00186363
2+(14)	9.736	1/2+(3)	4.278	2	7.36355e-05
2+(14)	9.736	3/2+(4)	4.357	0	0.00626465
2+(14)	9.736	3/2+(4)	4.357	2	0.000113908
2+(14)	9.736	5/2+(4)	4.61	0	0.0779453
2+(14)	9.736	5/2+(4)	4.61	2	0.0816976
2+(14)	9.736	3/2+(5)	4.702	0	0.00444416
2+(14)	9.736	3/2+(5)	4.702	2	0.000312405
2+(14)	9.736	3/2+(6)	5.092	0	0.0125136
2+(14)	9.736	3/2+(6)	5.092	2	0.120627
2+(14)	9.736	7/2+(3)	5.142	2	0.157975
2+(14)	9.736	5/2+(5)	5.177	0	0.00219027
2+(14)	9.736	5/2+(5)	5.177	2	0.00735823
2+(14)	9.736	1/2+(4)	5.218	2	0.000116254
2+(14)	9.736	7/2+(4)	5.332	2	0.0136842
2+(15)	9.798	3/2+(1)	0	0	0.000103995
2+(15)	9.798	3/2+(1)	0	2	0.00104702
2+(15)	9.798	1/2+(1)	0.853	2	0.00726627
2+(15)	9.798	5/2+(1)	1.924	0	4.14519e-05
2+(15)	9.798	5/2+(1)	1.924	2	0.00503763
2+(15)	9.798	3/2+(2)	2.243	0	0.00899163
2+(15)	9.798	3/2+(2)	2.243	2	0.00216492
2+(15)	9.798	5/2+(2)	2.951	0	0.0003949
2+(15)	9.798	5/2+(2)	2.951	2	0.00121346
2+(15)	9.798	7/2+(1)	2.967	2	0.000577776
2+(15)	9.798	3/2+(3)	3.587	0	0.00492582
2+(15)	9.798	3/2+(3)	3.587	2	0.00333712
2+(15)	9.798	5/2+(3)	3.844	0	0.0132597
2+(15)	9.798	5/2+(3)	3.844	2	0.00411813
2+(15)	9.798	1/2+(2)	3.945	2	0.00868717
2+(15)	9.798	7/2+(2)	4.088	2	0.0106034
2+(15)	9.798	9/2+(1)	4.206	2	0.00031313
2+(15)	9.798	1/2+(3)	4.278	2	0.00323051
2+(15)	9.798	3/2+(4)	4.357	0	0.0137857
2+(15)	9.798	3/2+(4)	4.357	2	0.000818592
2+(15)	9.798	5/2+(4)	4.61	0	0.00013985
2+(15)	9.798	5/2+(4)	4.61	2	0.00268992
2+(15)	9.798	3/2+(5)	4.702	0	0.00793574
2+(15)	9.798	3/2+(5)	4.702	2	0.0659506
2+(15)	9.798	3/2+(6)	5.092	0	0.00190823
2+(15)	9.798	3/2+(6)	5.092	2	0.0193002
2+(15)	9.798	7/2+(3)	5.142	2	0.0180106
2+(15)	9.798	5/2+(5)	5.177	0	0.00147591
2+(15)	9.798	5/2+(5)	5.177	2	0.0232715
2+(15)	9.798	1/2+(4)	5.218	2	0.00018081
2+(15)	9.798	7/2+(4)	5.332	2	0.0276318
4+(7)	9.813	3/2+(1)	0	2	2.61723e-07
4+(7)	9.813	5/2+(1)	1.924	2	0.00242217
4+(7)	9.813	3/2+(2)	2.243	2	0.000348674
4+(7)	9.813	5/2+(2)	2.951	2	0.00126468
4+(7)	9.813	7/2+(1)	2.967	0	0.000560167
4+(7)	9.813	7/2+(1)	2.967	2	0.00442187
4+(7)	9.813	3/2+(3)	3.587	2	0.000968257
4+(7)	9.813	5/2+(3)	3.844	2	0.00479914
4+(7)	9.813	7/2+(2)	4.088	0	0.000108653
4+(7)	9.813	7/2+(2)	4.088	2	0.0120262
4+(7)	9.813	9/2+(1)	4.206	0	0.00253017
4+(7)	9.813	9/2+(1)	4.206	2	0.00687858
4+(7)	9.813	3/2+(4)	4.357	2	0.000602113
4+(7)	9.813	5/2+(4)	4.61	2	0.022145
4+(7)	9.813	3/2+(5)	4.702	2	4.12437e-05
4+(7)	9.813	3/2+(6)	5.092	2	1.46271e-05
4+(7)	9.813	7/2+(3)	5.142	0	0.00599662
4+(7)	9.813	7/2+(3)	5.142	2	0.0149097
4+(7)	9.813	5/2+(5)	5.177	2	0.0133352
4+(7)	9.813	7/2+(4)	5.332	0	0.000676343
4+(7)	9.813	7/2+(4)	5.332	2	0.00361126
1+(9)	9.929	3/2+(1)	0	0	2.14218e-05
1+(9)	9.929	3/2+(1)	0	2	0.000288287
1+(9)	9.929	1/2+(1)	0.853	0	0.00480831
1+(9)	9.929	1/2+(1)	0.853	2	0.000797928
1+(9)	9.929	5/2+(1)	1.924	2	0.00442186
1+(9)	9.929	3/2+(2)	2.243	0	0.000524069
1+(9)	9.929	3/2+(2)	2.243	2	0.00421114
1+(9)	9.929	5/2+(2)	2.951	2	0.0153529
1+(9)	9.929	7/2+(1)	2.967	2	1.13278e-05
1+(9)	9.929	3/2+(3)	3.587	0	0.00807651
1+(9)	9.929	3/2+(3)	3.587	2	0.00866667
1+(9)	9.929	5/2+(3)	3.844	2	0.00627398
1+(9)	9.929	1/2+(2)	3.945	0	0.00899839
1+(9)	9.929	1/2+(2)	3.945	2	0.00981459
1+(9)	9.929	7/2+(2)	4.088	2	0.000525566
1+(9)	9.929	1/2+(3)	4.278	0	0.00948223
1+(9)	9.929	1/2+(3)	4.278	2	9.1794e-08
1+(9)	9.929	3/2+(4)	4.357	0	0.00682809
1+(9)	9.929	3/2+(4)	4.357	2	0.0102008
1+(9)	9.929	5/2+(4)	4.61	2	0.00898973
1+(9)	9.929	3/2+(5)	4.702	0	0.00382857
1+(9)	9.929	3/2+(5)	4.702	2	0.000309398
1+(9)	9.929	3/2+(6)	5.092	0	0.0663455
1+(9)	9.929	3/2+(6)	5.092	2	0.113275
1+(9)	9.929	7/2+(3)	5.142	2	0.000106622
1+(9)	9.929	5/2+(5)	5.177	2	0.0105025
1+(9)	9.929	1/2+(4)	5.218	0	0.000514148
1+(9)	9.929	1/2+(4)	5.218	2	0.000100714
1+(9)	9.929	7/2+(4)	5.332	2	0.000394407
0+(7)	9.941	3/2+(1)	0	2	0.000489241
0+(7)	9.941	1/2+(1)	0.853	0	1.77929e-05
0+(7)	9.941	5/2+(1)	1.924	2	0.000163093
0+(7)	9.941	3/2+(2)	2.243	2	0.000263179
0+(7)	9.941	5/2+(2)	2.951	2	0.00166679
0+(7)	9.941	3/2+(3)	3.587	2	0.011052
0+(7)	9.941	5/2+(3)	3.844	2	0.00584352
0+(7)	9.941	1/2+(2)	3.945	0	1.85217e-07
0+(7)	9.941	1/2+(3)	4.278	0	0.0599707
0+(7)	9.941	3/2+(4)	4.357	2	0.0218296
0+(7)	9.941	5/2+(4)	4.61	2	8.77533e-06
0+(7)	9.941	3/2+(5)	4.702	2	0.0577462
0+(7)	9.941	3/2+(6)	5.092	2	0.00155962
0+(7)	9.941	5/2+(5)	5.177	2	0.0216652
0+(7)	9.941	1/2+(4)	5.218	0	0.00101111
4+(8)	9.965	3/2+(1)	0	2	8.26562e-06
4+(8)	9.965	5/2+(1)	1.924	2	0.00139442
4+(8)	9.965	3/2+(2)	2.243	2	0.000145513
4+(8)	9.965	5/2+(2)	2.951	2	0.00948647
4+(8)	9.965	7/2+(1)	2.967	0	0.00553877
4+(8)	9.965	7/2+(1)	2.967	2	0.00579955
4+(8)	9.965	3/2+(3)	3.587	2	0.00125858
4+(8)	9.965	5/2+(3)	3.844	2	0.0054998
4+(8)	9.965	7/2+(2)	4.088	0	0.00942873
4+(8)	9.965	7/2+(2)	4.088	2	0.0285216
4+(8)	9.965	9/2+(1)	4.206	0	0.000193497
4+(8)	9.965	9/2+(1)	4.206	2	0.00211201
4+(8)	9.965	3/2+(4)	4.357	2	0.00137986
4+(8)	9.965	5/2+(4)	4.61	2	0.0117797
4+(8)	9.965	3/2+(5)	4.702	2	0.000394919
4+(8)	9.965	3/2+(6)	5.092	2	2.30032e-06
4+(8)	9.965	7/2+(3)	5.142	0	0.00791047
4+(8)	9.965	7/2+(3)	5.142	2	0.048773
4+(8)	9.965	5/2+(5)	5.177	2	0.0752015
4+(8)	9.965	7/2+(4)	5.332	0	0.00382017
4+(8)	9.965	7/2+(4)	5.332	2	0.000253979
2+(16)	10.174	3/2+(1)	0	0	0.000191621
2+(16)	10.174	3/2+(1)	0	2	0.000456982
2+(16)	10.174	1/2+(1)	0.853	2	0.00265869
2+(16)	10.174	5/2+(1)	1.924	0	0.000294401
2+(16)	10.174	5/2+(1)	1.924	2	0.000598853
2+(16)	10.174	3/2+(2)	2.243	0	0.0016275
2+(16)	10.174	3/2+(2)	2.243	2	0.000303243
2+(16)	10.174	5/2+(2)	2.951	0	0.000334533
2+(16)	10.174	5/2+(2)	2.951	2	0.00152747
2+(16)	10.174	7/2+(1)	2.967	2	0.000957661
2+(16)	10.174	3/2+(3)	3.587	0	0.00183573
2+(16)	10.174	3/2+(3)	3.587	2	0.00227606
2+(16)	10.174	5/2+(3)	3.844	0	0.000142201
2+(16)	10.174	5/2+(3)	3.844	2	0.0339463
2+(16)	10.174	1/2+(2)	3.945	2	0.00424609
2+(16)	10.174	7/2+(2)	4.088	2	0.0135818
2+(16)	10.174	9/2+(1)	4.206	2	0.000961363
2+(16)	10.174	1/2+(3)	4.278	2	0.00304573
2+(16)	10.174	3/2+(4)	4.357	0	0.0104506
2+(16)	10.174	3/2+(4)	4.357	2	0.000838434
2+(16)	10.174	5/2+(4)	4.61	0	0.00689309
2+(16)	10.174	5/2+(4)	4.61	2	0.0537768
2+(16)	10.174	3/2+(5)	4.702	0	0.0230662
2+(16)	10.174	3/2+(5)	4.702	2	3.84668e-05
2+(16)	10.174	3/2+(6)	5.092	0	0.0679612
2+(16)	10.174	3/2+(6)	5.092	2	0.0237812
2+(16)	10.174	7/2+(3)	5.142	2	0.0178581
2+(16)	10.174	5/2+(5)	5.177	0	0.00196081
2+(16)	10.174	5/2+(5)	5.177	2	0.00124632
2+(16)	10.174	1/2+(4)	5.218	2	0.000259551
2+(16)	10.174	7/2+(4)	5.332	2	0.0408697
5+(3)	10.205	5/2+(1)	1.924	2	6.27612e-05
5+(3)	10.205	5/2+(2)	2.951	2	3.27896e-05
5+(3)	10.205	7/2+(1)	2.967	2	0.0350153
5+(3)	10.205	5/2+(3)	3.844	2	6.59738e-05
5+(3)	10.205	7/2+(2)	4.088	2	0.0239367
5+(3)	10.205	9/2+(1)	4.206	0	0.00575014
5+(3)	10.205	9/2+(1)	4.206	2	0.0531185
5+(3)	10.205	5/2+(4)	4.61	2	1.46933e-06
5+(3)	10.205	7/2+(3)	5.142	2	0.000509334
5+(3)	10.205	5/2+(5)	5.177	2	0.000593399
5+(3)	10.205	7/2+(4)	5.332	2	0.00916959
2+(17)	10.228	3/2+(1)	0	0	2.60882e-05
2+(17)	10.228	3/2+(1)	0	2	0.00119134
2+(17)	10.228	1/2+(1)	0.853	2	0.00218568
2+(17)	10.228	5/2+(1)	1.924	0	5.72345e-06
2+(17)	10.228	5/2+(1)	1.924	2	0.000601032
2+(17)	10.228	3/2+(2)	2.243	0	0.00518637
2+(17)	10.228	3/2+(2)	2.243	2	0.00188204
2+(17)	10.228	5/2+(2)	2.951	0	0.0094601
2+(17)	10.228	5/2+(2)	2.951	2	0.0185037
2+(17)	10.228	7/2+(1)	2.967	2	0.000585684
2+(17)	10.228	3/2+(3)	3.587	0	2.52189e-05
2+(17)	10.228	3/2+(3)	3.587	2	0.0131779
2+(17)	10.228	5/2+(3)	3.844	0	0.0118792
2+(17)	10.228	5/2+(3)	3.844	2	0.0222818
2+(17)	10.228	1/2+(2)	3.945	2	0.00929261
2+(17)	10.228	7/2+(2)	4.088	2	0.00937373
2+(17)	10.228	9/2+(1)	4.206	2	8.68782e-05
2+(17)	10.228	1/2+(3)	4.278	2	0.00395415
2+(17)	10.228	3/2+(4)	4.357	0	0.000118631
2+(17)	10.228	3/2+(4)	4.357	2	0.00268606
2+(17)	10.228	5/2+(4)	4.61	0	0.0286483
2+(17)	10.228	5/2+(4)	4.61	2	0.0280188
2+(17)	10.228	3/2+(5)	4.702	0	0.0314684
2+(17)	10.228	3/2+(5)	4.702	2	0.0170953
2+(17)	10.228	3/2+(6)	5.092	0	0.000194789
2+(17)	10.228	3/2+(6)	5.092	2	0.00223202
2+(17)	10.228	7/2+(3)	5.142	2	0.0556224
2+(17)	10.228	5/2+(5)	5.177	0	0.0067506
2+(17)	10.228	5/2+(5)	5.177	2	0.00197466
2+(17)	10.228	1/2+(4)	5.218	2	0.00100767
2+(17)	10.228	7/2+(4)	5.332	2	0.0135022
3+(9)	10.231	3/2+(1)	0	2	0.000164002
3+(9)	10.231	1/2+(1)	0.853	2	9.49487e-05
3+(9)	10.231	5/2+(1)	1.924	0	7.51885e-05
3+(9)	10.231	5/2+(1)	1.924	2	0.000374876
3+(9)	10.231	3/2+(2)	2.243	2	0.00223965
3+(9)	10.231	5/2+(2)	2.951	0	3.75723e-05
3+(9)	10.231	5/2+(2)	2.951	2	0.00330684
3+(9)	10.231	7/2+(1)	2.967	0	0.0100032
3+(9)	10.231	7/2+(1)	2.967	2	0.0122423
3+(9)	10.231	3/2+(3)	3.587	2	0.00390438
3+(9)	10.231	5/2+(3)	3.844	0	0.00344722
3+(9)	10.231	5/2+(3)	3.844	2	0.0107835
3+(9)	10.231	1/2+(2)	3.945	2	0.000965204
3+(9)	10.231	7/2+(2)	4.088	0	0.0166864
3+(9)	10.231	7/2+(2)	4.088	2	0.0108263
3+(9)	10.231	9/2+(1)	4.206	2	0.00332369
3+(9)	10.231	1/2+(3)	4.278	2	0.000821822
3+(9)	10.231	3/2+(4)	4.357	2	0.00238136
3+(9)	10.231	5/2+(4)	4.61	0	0.00475862
3+(9)	10.231	5/2+(4)	4.61	2	0.0107953
3+(9)	10.231	3/2+(5)	4.702	2	0.085024
3+(9)	10.231	3/2+(6)	5.092	2	0.0151179
3+(9)	10.231	7/2+(3)	5.142	0	0.0694766
3+(9)	10.231	7/2+(3)	5.142	2	0.00749862
3+(9)	10.231	5/2+(5)	5.177	0	0.0152142
3+(9)	10.231	5/2+(5)	5.177	2	0.0145007
3+(9)	10.231	1/2+(4)	5.218	2	6.57555e-05
3+(9)	10.231	7/2+(4)	5.332	0	0.00105942
3+(9)	10.231	7/2+(4)	5.332	2	0.018715
3+(10)	10.254	3/2+(1)	0	2	0.00929082
3+(10)	10.254	1/2+(1)	0.853	2	0.000350714
3+(10)	10.254	5/2+(1)	1.924	0	0.00513446
3+(10)	10.254	5/2+(1)	1.924	2	0.00491509
3+(10)	10.254	3/2+(2)	2.243	2	0.000429681
3+(10)	10.254	5/2+(2)	2.951	0	0.00238617
3+(10)	10.254	5/2+(2)	2.951	2	0.00945011
3+(10)	10.254	7/2+(1)	2.967	0	0.0138015
3+(10)	10.254	7/2+(1)	2.967	2	0.00098563
3+(10)	10.254	3/2+(3)	3.587	2	0.00397721
3+(10)	10.254	5/2+(3)	3.844	0	0.0175378
3+(10)	10.254	5/2+(3)	3.844	2	0.0150051
3+(10)	10.254	1/2+(2)	3.945	2	0.00179188
3+(10)	10.254	7/2+(2)	4.088	0	0.00365393
3+(10)	10.254	7/2+(2)	4.088	2	0.0193382
3+(10)	10.254	9/2+(1)	4.206	2	0.0113107
3+(10)	10.254	1/2+(3)	4.278	2	0.000184271
3+(10)	10.254	3/2+(4)	4.357	2	0.00125758
3+(10)	10.254	5/2+(4)	4.61	0	0.0179271
3+(10)	10.254	5/2+(4)	4.61	2	0.00460414
3+(10)	10.254	3/2+(5)	4.702	2	0.013814
3+(10)	10.254	3/2+(6)	5.092	2	0.00147693
3+(10)	10.254	7/2+(3)	5.142	0	0.00305831
3+(10)	10.254	7/2+(3)	5.142	2	0.0499678
3+(10)	10.254	5/2+(5)	5.177	0	0.00217907
3+(10)	10.254	5/2+(5)	5.177	2	0.000592791
3+(10)	10.254	1/2+(4)	5.218	2	0.000411418
3+(10)	10.254	7/2+(4)	5.332	0	0.000898041
3+(10)	10.254	7/2+(4)	5.332	2	0.0554532
1+(10)	10.432	3/2+(1)	0	0	1.49321e-16
1+(10)	10.432	3/2+(1)	0	2	2.66218e-16
1+(10)	10.432	1/2+(1)	0.853	0	1.97626e-19
1+(10)	10.432	1/2+(1)	0.853	2	1.57861e-18
1+(10)	10.432	5/2+(1)	1.924	2	4.53709e-16
1+(10)	10.432	3/2+(2)	2.243	0	2.89685e-17
1+(10)	10.432	3/2+(2)	2.243	2	1.00397e-16
1+(10)	10.432	5/2+(2)	2.951	2	8.52654e-16
1+(10)	10.432	7/2+(1)	2.967	2	9.58503e-18
1+(10)	10.432	3/2+(3)	3.587	0	1.63801e-18
1+(10)	10.432	3/2+(3)	3.587	2	3.04825e-16
1+(10)	10.432	5/2+(3)	3.844	2	1.58191e-15
1+(10)	10.432	1/2+(2)	3.945	0	8.14649e-22
1+(10)	10.432	1/2+(2)	3.945	2	4.03161e-18
1+(10)	10.432	7/2+(2)	4.088	2	9.06321e-18
1+(10)	10.432	1/2+(3)	4.278	0	3.48341e-18
1+(10)	10.432	1/2+(3)	4.278	2	3.89119e-17
1+(10)	10.432	3/2+(4)	4.357	0	6.30768e-19
1+(10)	10.432	3/2+(4)	4.357	2	1.22059e-16
1+(10)	10.432	5/2+(4)	4.61	2	2.12943e-16
1+(10)	10.432	3/2+(5)	4.702	0	2.64955e-19
1+(10)	10.432	3/2+(5)	4.702	2	1.64899e-16
1+(10)	10.432	3/2+(6)	5.092	0	7.38002e-17
1+(10)	10.432	3/2+(6)	5.092	2	7.66167e-16
1+(10)	10.432	7/2+(3)	5.142	2	1.47447e-18
1+(10)	10.432	5/2+(5)	5.177	2	3.61171e-16
1+(10)	10.432	1/2+(4)	5.218	0	0.00921889
1+(10)	10.432	1/2+(4)	5.218	2	0.259171
1+(10)	10.432	7/2+(4)	5.332	2	1.84133e-19
1+(11)	10.457	3/2+(1)	0	0	0.00310249
1+(11)	10.457	3/2+(1)	0	2	0.00918694
1+(11)	10.457	1/2+(1)	0.853	0	0.000354487
1+(11)	10.457	1/2+(1)	0.853	2	0.00141885
1+(11)	10.457	5/2+(1)	1.924	2	0.0103392
1+(11)	10.457	3/2+(2)	2.243	0	0.00852468
1+(11)	10.457	3/2+(2)	2.243	2	0.0107234
1+(11)	10.457	5/2+(2)	2.951	2	0.00993102
1+(11)	10.457	7/2+(1)	2.967	2	0.00249723
1+(11)	10.457	3/2+(3)	3.587	0	0.00209176
1+(11)	10.457	3/2+(3)	3.587	2	0.00455734
1+(11)	10.457	5/2+(3)	3.844	2	0.0118137
1+(11)	10.457	1/2+(2)	3.945	0	0.00119435
1+(11)	10.457	1/2+(2)	3.945	2	0.0233113
1+(11)	10.457	7/2+(2)	4.088	2	0.00970113
1+(11)	10.457	1/2+(3)	4.278	0	0.0146663
1+(11)	10.457	1/2+(3)	4.278	2	0.0024201
1+(11)	10.457	3/2+(4)	4.357	0	0.00247051
1+(11)	10.457	3/2+(4)	4.357	2	0.00501477
1+(11)	10.457	5/2+(4)	4.61	2	0.000964604
1+(11)	10.457	3/2+(5)	4.702	0	0.0215026
1+(11)	10.457	3/2+(5)	4.702	2	0.000868105
1+(11)	10.457	3/2+(6)	5.092	0	0.0232029
1+(11)	10.457	3/2+(6)	5.092	2	0.0173831
1+(11)	10.457	7/2+(3)	5.142	2	0.00308731
1+(11)	10.457	5/2+(5)	5.177	2	0.0118434
1+(11)	10.457	1/2+(4)	5.218	0	0.00255485
1+(11)	10.457	1/2+(4)	5.218	2	0.000597242
1+(11)	10.457	7/2+(4)	5.332	2	3.50688e-05
4+(9)	10.51	3/2+(1)	0	2	9.86495e-05
4+(9)	10.51	5/2+(1)	1.924	2	0.00272982
4+(9)	10.51	3/2+(2)	2.243	2	0.00128859
4+(9)	10.51	5/2+(2)	2.951	2	0.00248673
4+(9)	10.51	7/2+(1)	2.967	0	0.00652201
4+(9)	10.51	7/2+(1)	2.967	2	0.00356005
4+(9)	10.51	3/2+(3)	3.587	2	1.6649e-05
4+(9)	10.51	5/2+(3)	3.844	2	0.000311862
4+(9)	10.51	7/2+(2)	4.088	0	0.000999483
4+(9)	10.51	7/2+(2)	4.088	2	0.00717273
4+(9)	10.51	9/2+(1)	4.206	0	0.00296256
4+(9)	10.51	9/2+(1)	4.206	2	0.0018566
4+(9)	10.51	3/2+(4)	4.357	2	0.000862368
4+(9)	10.51	5/2+(4)	4.61	2	0.0219081
4+(9)	10.51	3/2+(5)	4.702	2	0.000486548
4+(9)	10.51	3/2+(6)	5.092	2	0.00061012
4+(9)	10.51	7/2+(3)	5.142	0	0.000272281
4+(9)	10.51	7/2+(3)	5.142	2	0.0194472
4+(9)	10.51	5/2+(5)	5.177	2	0.00712193
4+(9)	10.51	7/2+(4)	5.332	0	6.19923e-05
4+(9)	10.51	7/2+(4)	5.332	2	0.0230365
3+(11)	10.516	3/2+(1)	0	2	0.00420043
3+(11)	10.516	1/2+(1)	0.853	2	0.00333444
3+(11)	10.516	5/2+(1)	1.924	0	2.21799e-06
3+(11)	10.516	5/2+(1)	1.924	2	0.00147623
3+(11)	10.516	3/2+(2)	2.243	2	0.00772133
3+(11)	10.516	5/2+(2)	2.951	0	0.00892407
3+(11)	10.516	5/2+(2)	2.951	2	5.70872e-05
3+(11)	10.516	7/2+(1)	2.967	0	0.000142352
3+(11)	10.516	7/2+(1)	2.967	2	0.000740768
3+(11)	10.516	3/2+(3)	3.587	2	0.00313535
3+(11)	10.516	5/2+(3)	3.844	0	0.0228703
3+(11)	10.516	5/2+(3)	3.844	2	0.0189667
3+(11)	10.516	1/2+(2)	3.945	2	0.00146023
3+(11)	10.516	7/2+(2)	4.088	0	0.000200759
3+(11)	10.516	7/2+(2)	4.088	2	0.018044
3+(11)	10.516	9/2+(1)	4.206	2	0.0226128
3+(11)	10.516	1/2+(3)	4.278	2	0.000623086
3+(11)	10.516	3/2+(4)	4.357	2	0.00106257
3+(11)	10.516	5/2+(4)	4.61	0	0.00264942
3+(11)	10.516	5/2+(4)	4.61	2	0.0167261
3+(11)	10.516	3/2+(5)	4.702	2	0.00138333
3+(11)	10.516	3/2+(6)	5.092	2	0.0219327
3+(11)	10.516	7/2+(3)	5.142	0	0.000235192
3+(11)	10.516	7/2+(3)	5.142	2	0.0234754
3+(11)	10.516	5/2+(5)	5.177	0	0.00627625
3+(11)	10.516	5/2+(5)	5.177	2	0.000584553
3+(11)	10.516	1/2+(4)	5.218	2	3.08171e-06
3+(11)	10.516	7/2+(4)	5.332	0	0.016348
3+(11)	10.516	7/2+(4)	5.332	2	0.00379116
2+(18)	10.59	3/2+(1)	0	0	0.00124043
2+(18)	10.59	3/2+(1)	0	2	0.00199343
2+(18)	10.59	1/2+(1)	0.853	2	0.00366635
2+(18)	10.59	5/2+(1)	1.924	0	0.000971227
2+(18)	10.59	5/2+(1)	1.924	2	0.00229317
2+(18)	10.59	3/2+(2)	2.243	0	0.0039464
2+(18)	10.59	3/2+(2)	2.243	2	0.00707085
2+(18)	10.59	5/2+(2)	2.951	0	0.000534714
2+(18)	10.59	5/2+(2)	2.951	2	0.00353809
2+(18)	10.59	7/2+(1)	2.967	2	0.00241528
2+(18)	10.59	3/2+(3)	3.587	0	0.00481376
2+(18)	10.59	3/2+(3)	3.587	2	0.000624477
2+(18)	10.59	5/2+(3)	3.844	0	0.003763
2+(18)	10.59	5/2+(3)	3.844	2	0.000783269
2+(18)	10.59	1/2+(2)	3.945	2	0.00068264
2+(18)	10.59	7/2+(2)	4.088	2	0.00368408
2+(18)	10.59	9/2+(1)	4.206	2	2.67201e-05
2+(18)	10.59	1/2+(3)	4.278	2	0.00362149
2+(18)	10.59	3/2+(4)	4.357	0	0.00152515
2+(18)	10.59	3/2+(4)	4.357	2	0.000327145
2+(18)	10.59	5/2+(4)	4.61	0	0.016929
2+(18)	10.59	5/2+(4)	4.61	2	0.00888518
2+(18)	10.59	3/2+(5)	4.702	0	0.00179115
2+(18)	10.59	3/2+(5)	4.702	2	0.00116914
2+(18)	10.59	3/2+(6)	5.092	0	3.85143e-05
2+(18)	10.59	3/2+(6)	5.092	2	0.00521537
2+(18)	10.59	7/2+(3)	5.142	2	0.00263474
2+(18)	10.59	5/2+(5)	5.177	0	0.0102989
2+(18)	10.59	5/2+(5)	5.177	2	0.00173468
2+(18)	10.59	1/2+(4)	5.218	2	7.50869e-05
2+(18)	10.59	7/2+(4)	5.332	2	0.0121709
1+(12)	10.713	3/2+(1)	0	0	0.000481782
1+(12)	10.713	3/2+(1)	0	2	8.5983e-05
1+(12)	10.713	1/2+(1)	0.853	0	0.0011101
1+(12)	10.713	1/2+(1)	0.853	2	0.000491193
1+(12)	10.713	5/2+(1)	1.924	2	0.00182112
1+(12)	10.713	3/2+(2)	2.243	0	7.8615e-05
1+(12)	10.713	3/2+(2)	2.243	2	0.00160414
1+(12)	10.713	5/2+(2)	2.951	2	0.00361671
1+(12)	10.713	7/2+(1)	2.967	2	0.000642811
1+(12)	10.713	3/2+(3)	3.587	0	0.00955207
1+(12)	10.713	3/2+(3)	3.587	2	0.0198046
1+(12)	10.713	5/2+(3)	3.844	2	0.00195805
1+(12)	10.713	1/2+(2)	3.945	0	8.22951e-05
1+(12)	10.713	1/2+(2)	3.945	2	0.00253256
1+(12)	10.713	7/2+(2)	4.088	2	2.20467e-05
1+(12)	10.713	1/2+(3)	4.278	0	0.00488819
1+(12)	10.713	1/2+(3)	4.278	2	0.00204042
1+(12)	10.713	3/2+(4)	4.357	0	0.00289753
1+(12)	10.713	3/2+(4)	4.357	2	0.00342523
1+(12)	10.713	5/2+(4)	4.61	2	0.00438419
1+(12)	10.713	3/2+(5)	4.702	0	0.00491368
1+(12)	10.713	3/2+(5)	4.702	2	0.0235228
1+(12)	10.713	3/2+(6)	5.092	0	0.0213454
1+(12)	10.713	3/2+(6)	5.092	2	0.000244892
1+(12)	10.713	7/2+(3)	5.142	2	1.1391e-05
1+(12)	10.713	5/2+(5)	5.177	2	0.0248789
1+(12)	10.713	1/2+(4)	5.218	0	0.000848771
1+(12)	10.713	1/2+(4)	5.218	2	1.73284e-05
1+(12)	10.713	7/2+(4)	5.332	2	0.000179091
3+(12)	10.739	3/2+(1)	0	2	0.00136635
3+(12)	10.739	1/2+(1)	0.853	2	0.000916509
3+(12)	10.739	5/2+(1)	1.924	0	0.000684335
3+(12)	10.739	5/2+(1)	1.924	2	0.00969384
3+(12)	10.739	3/2+(2)	2.243	2	0.0119811
3+(12)	10.739	5/2+(2)	2.951	0	0.00795994
3+(12)	10.739	5/2+(2)	2.951	2	0.00364522
3+(12)	10.739	7/2+(1)	2.967	0	0.000449591
3+(12)	10.739	7/2+(1)	2.967	2	0.00290331
3+(12)	10.739	3/2+(3)	3.587	2	0.00557537
3+(12)	10.739	5/2+(3)	3.844	0	0.00156813
3+(12)	10.739	5/2+(3)	3.844	2	0.00884386
3+(12)	10.739	1/2+(2)	3.945	2	2.88782e-05
3+(12)	10.739	7/2+(2)	4.088	0	0.00179582
3+(12)	10.739	7/2+(2)	4.088	2	0.0057877
3+(12)	10.739	9/2+(1)	4.206	2	0.000947336
3+(12)	10.739	1/2+(3)	4.278	2	0.00117851
3+(12)	10.739	3/2+(4)	4.357	2	0.00539035
3+(12)	10.739	5/2+(4)	4.61	0	0.0207828
3+(12)	10.739	5/2+(4)	4.61	2	0.000381463
3+(12)	10.739	3/2+(5)	4.702	2	0.0013158
3+(12)	10.739	3/2+(6)	5.092	2	0.00397678
3+(12)	10.739	7/2+(3)	5.142	0	0.000340072
3+(12)	10.739	7/2+(3)	5.142	2	0.0124684
3+(12)	10.739	5/2+(5)	5.177	0	0.00573741
3+(12)	10.739	5/2+(5)	5.177	2	0.008591
3+(12)	10.739	1/2+(4)	5.218	2	0.000544538
3+(12)	10.739	7/2+(4)	5.332	0	0.0102759
3+(12)	10.739	7/2+(4)	5.332	2	0.00179135
2+(19)	10.83	3/2+(1)	0	0	1.98466e-17
2+(19)	10.83	3/2+(1)	0	2	1.1918e-16
2+(19)	10.83	1/2+(1)	0.853	2	4.22093e-17
2+(19)	10.83	5/2+(1)	1.924	0	1.80395e-17
2+(19)	10.83	5/2+(1)	1.924	2	2.8784e-18
2+(19)	10.83	3/2+(2)	2.243	0	1.90162e-19
2+(19)	10.83	3/2+(2)	2.243	2	1.70944e-15
2+(19)	10.83	5/2+(2)	2.951	0	6.69163e-17
2+(19)	10.83	5/2+(2)	2.951	2	1.67659e-16
2+(19)	10.83	7/2+(1)	2.967	2	2.98775e-16
2+(19)	10.83	3/2+(3)	3.587	0	2.65592e-17
2+(19)	10.83	3/2+(3)	3.587	2	2.07534e-16
2+(19)	10.83	5/2+(3)	3.844	0	3.85333e-17
2+(19)	10.83	5/2+(3)	3.844	2	7.60686e-16
2+(19)	10.83	1/2+(2)	3.945	2	2.45543e-17
2+(19)	10.83	7/2+(2)	4.088	2	4.87953e-16
2+(19)	10.83	9/2+(1)	4.206	2	6.34445e-17
2+(19)	10.83	1/2+(3)	4.278	2	2.80785e-16
2+(19)	10.83	3/2+(4)	4.357	0	1.01025e-18
2+(19)	10.83	3/2+(4)	4.357	2	5.51052e-18
2+(19)	10.83	5/2+(4)	4.61	0	3.61647e-16
2+(19)	10.83	5/2+(4)	4.61	2	4.17752e-15
2+(19)	10.83	3/2+(5)	4.702	0	3.5506e-17
2+(19)	10.83	3/2+(5)	4.702	2	1.08421e-15
2+(19)	10.83	3/2+(6)	5.092	0	1.48904e-16
2+(19)	10.83	3/2+(6)	5.092	2	3.64869e-16
2+(19)	10.83	7/2+(3)	5.142	2	2.77025e-16
2+(19)	10.83	5/2+(5)	5.177	0	3.93747e-16
2+(19)	10.83	5/2+(5)	5.177	2	1.43941e-15
2+(19)	10.83	1/2+(4)	5.218	2	0.272865
2+(19)	10.83	7/2+(4)	5.332	2	1.40207e-16
4+(10)	10.917	3/2+(1)	0	2	0.000739923
4+(10)	10.917	5/2+(1)	1.924	2	0.00268657
4+(10)	10.917	3/2+(2)	2.243	2	1.89318e-09
4+(10)	10.917	5/2+(2)	2.951	2	0.00436092
4+(10)	10.917	7/2+(1)	2.967	0	0.00900033
4+(10)	10.917	7/2+(1)	2.967	2	0.00324793
4+(10)	10.917	3/2+(3)	3.587	2	0.00033053
4+(10)	10.917	5/2+(3)	3.844	2	0.000495867
4+(10)	10.917	7/2+(2)	4.088	0	0.00359029
4+(10)	10.917	7/2+(2)	4.088	2	0.00287355
4+(10)	10.917	9/2+(1)	4.206	0	0.00450661
4+(10)	10.917	9/2+(1)	4.206	2	0.00300529
4+(10)	10.917	3/2+(4)	4.357	2	8.9198e-05
4+(10)	10.917	5/2+(4)	4.61	2	0.00442716
4+(10)	10.917	3/2+(5)	4.702	2	3.5394e-06
4+(10)	10.917	3/2+(6)	5.092	2	2.50521e-06
4+(10)	10.917	7/2+(3)	5.142	0	0.00145143
4+(10)	10.917	7/2+(3)	5.142	2	0.0152234
4+(10)	10.917	5/2+(5)	5.177	2	0.000224224
4+(10)	10.917	7/2+(4)	5.332	0	0.00121858
4+(10)	10.917	7/2+(4)	5.332	2	0.0142844
3+(13)	10.975	3/2+(1)	0	2	0.00444064
3+(13)	10.975	1/2+(1)	0.853	2	0.00271549
3+(13)	10.975	5/2+(1)	1.924	0	5.08921e-05
3+(13)	10.975	5/2+(1)	1.924	2	0.00525377
3+(13)	10.975	3/2+(2)	2.243	2	0.000593456
3+(13)	10.975	5/2+(2)	2.951	0	9.75296e-06
3+(13)	10.975	5/2+(2)	2.951	2	0.0122278
3+(13)	10.975	7/2+(1)	2.967	0	0.00097278
3+(13)	10.975	7/2+(1)	2.967	2	0.000138334
3+(13)	10.975	3/2+(3)	3.587	2	0.0133984
3+(13)	10.975	5/2+(3)	3.844	0	0.0103083
3+(13)	10.975	5/2+(3)	3.844	2	9.28546e-05
3+(13)	10.975	1/2+(2)	3.945	2	0.0002067
3+(13)	10.975	7/2+(2)	4.088	0	0.00955922
3+(13)	10.975	7/2+(2)	4.088	2	0.00246799
3+(13)	10.975	9/2+(1)	4.206	2	0.00744741
3+(13)	10.975	1/2+(3)	4.278	2	0.00109311
3+(13)	10.975	3/2+(4)	4.357	2	0.00704695
3+(13)	10.975	5/2+(4)	4.61	0	0.00727245
3+(13)	10.975	5/2+(4)	4.61	2	0.0169214
3+(13)	10.975	3/2+(5)	4.702	2	0.00158866
3+(13)	10.975	3/2+(6)	5.092	2	0.00838649
3+(13)	10.975	7/2+(3)	5.142	0	0.00115696
3+(13)	10.975	7/2+(3)	5.142	2	0.00142898
3+(13)	10.975	5/2+(5)	5.177	0	0.00625955
3+(13)	10.975	5/2+(5)	5.177	2	0.00308966
3+(13)	10.975	1/2+(4)	5.218	2	0.000170535
3+(13)	10.975	7/2+(4)	5.332	0	0.000240574
3+(13)	10.975	7/2+(4)	5.332	2	0.0119092
2+(20)	11.04	3/2+(1)	0	0	3.77439e-05
2+(20)	11.04	3/2+(1)	0	2	0.000239891
2+(20)	11.04	1/2+(1)	0.853	2	0.00152274
2+(20)	11.04	5/2+(1)	1.924	0	8.13652e-06
2+(20)	11.04	5/2+(1)	1.924	2	8.23511e-05
2+(20)	11.04	3/2+(2)	2.243	0	1.84941e-05
2+(20)	11.04	3/2+(2)	2.243	2	0.00142837
2+(20)	11.04	5/2+(2)	2.951	0	4.30006e-05
2+(20)	11.04	5/2+(2)	2.951	2	0.00153165
2+(20)	11.04	7/2+(1)	2.967	2	0.00035671
2+(20)	11.04	3/2+(3)	3.587	0	0.000799719
2+(20)	11.04	3/2+(3)	3.587	2	0.000921759
2+(20)	11.04	5/2+(3)	3.844	0	6.11267e-05
2+(20)	11.04	5/2+(3)	3.844	2	8.34002e-05
2+(20)	11.04	1/2+(2)	3.945	2	0.000799952
2+(20)	11.04	7/2+(2)	4.088	2	0.00854664
2+(20)	11.04	9/2+(1)	4.206	2	2.24892e-05
2+(20)	11.04	1/2+(3)	4.278	2	0.00702354
2+(20)	11.04	3/2+(4)	4.357	0	0.013724
2+(20)	11.04	3/2+(4)	4.357	2	0.00332796
2+(20)	11.04	5/2+(4)	4.61	0	0.00212585
2+(20)	11.04	5/2+(4)	4.61	2	0.000891735
2+(20)	11.04	3/2+(5)	4.702	0	0.0108345
2+(20)	11.04	3/2+(5)	4.702	2	0.00115464
2+(20)	11.04	3/2+(6)	5.092	0	0.00559872
2+(20)	11.04	3/2+(6)	5.092	2	0.00280093
2+(20)	11.04	7/2+(3)	5.142	2	0.0278225
2+(20)	11.04	5/2+(5)	5.177	0	0.010591
2+(20)	11.04	5/2+(5)	5.177	2	0.00624109
2+(20)	11.04	1/2+(4)	5.218	2	0.00122468
2+(20)	11.04	7/2+(4)	5.332	2	0.0143661
1+(13)	11.118	3/2+(1)	0	0	0.000131723
1+(13)	11.118	3/2+(1)	0	2	0.000540099
1+(13)	11.118	1/2+(1)	0.853	0	0.000112449
1+(13)	11.118	1/2+(1)	0.853	2	0.00170574
1+(13)	11.118	5/2+(1)	1.924	2	0.000507431
1+(13)	11.118	3/2+(2)	2.243	0	0.000351192
1+(13)	11.118	3/2+(2)	2.243	2	0.00238272
1+(13)	11.118	5/2+(2)	2.951	2	0.000212943
1+(13)	11.118	7/2+(1)	2.967	2	3.01176e-05
1+(13)	11.118	3/2+(3)	3.587	0	0.000143471
1+(13)	11.118	3/2+(3)	3.587	2	0.000177927
1+(13)	11.118	5/2+(3)	3.844	2	0.000935654
1+(13)	11.118	1/2+(2)	3.945	0	0.00187345
1+(13)	11.118	1/2+(2)	3.945	2	0.0184875
1+(13)	11.118	7/2+(2)	4.088	2	0.000568354
1+(13)	11.118	1/2+(3)	4.278	0	0.00186742
1+(13)	11.118	1/2+(3)	4.278	2	0.00608556
1+(13)	11.118	3/2+(4)	4.357	0	5.79941e-05
1+(13)	11.118	3/2+(4)	4.357	2	0.00254584
1+(13)	11.118	5/2+(4)	4.61	2	0.00868335
1+(13)	11.118	3/2+(5)	4.702	0	0.00258986
1+(13)	11.118	3/2+(5)	4.702	2	0.00191373
1+(13)	11.118	3/2+(6)	5.092	0	0.00914925
1+(13)	11.118	3/2+(6)	5.092	2	0.000204847
1+(13)	11.118	7/2+(3)	5.142	2	9.21955e-06
1+(13)	11.118	5/2+(5)	5.177	2	0.000117945
1+(13)	11.118	1/2+(4)	5.218	0	3.77468e-06
1+(13)	11.118	1/2+(4)	5.218	2	0.000125398
1+(13)	11.118	7/2+(4)	5.332	2	0.000124372
2+(21)	11.121	3/2+(1)	0	0	1.15449e-05
2+(21)	11.121	3/2+(1)	0	2	0.000146562
2+(21)	11.121	1/2+(1)	0.853	2	0.00141984
2+(21)	11.121	5/2+(1)	1.924	0	1.61808e-05
2+(21)	11.121	5/2+(1)	1.924	2	0.000795207
2+(21)	11.121	3/2+(2)	2.243	0	0.000776974
2+(21)	11.121	3/2+(2)	2.243	2	0.000284798
2+(21)	11.121	5/2+(2)	2.951	0	6.74021e-06
2+(21)	11.121	5/2+(2)	2.951	2	0.00257388
2+(21)	11.121	7/2+(1)	2.967	2	0.000396796
2+(21)	11.121	3/2+(3)	3.587	0	0.000775633
2+(21)	11.121	3/2+(3)	3.587	2	0.00507206
2+(21)	11.121	5/2+(3)	3.844	0	0.000170882
2+(21)	11.121	5/2+(3)	3.844	2	0.00121428
2+(21)	11.121	1/2+(2)	3.945	2	0.00385514
2+(21)	11.121	7/2+(2)	4.088	2	0.0013355
2+(21)	11.121	9/2+(1)	4.206	2	0.000267077
2+(21)	11.121	1/2+(3)	4.278	2	0.00377411
2+(21)	11.121	3/2+(4)	4.357	0	0.00765271
2+(21)	11.121	3/2+(4)	4.357	2	0.00323638
2+(21)	11.121	5/2+(4)	4.61	0	4.16723e-05
2+(21)	11.121	5/2+(4)	4.61	2	0.0010521
2+(21)	11.121	3/2+(5)	4.702	0	0.00102704
2+(21)	11.121	3/2+(5)	4.702	2	0.00123165
2+(21)	11.121	3/2+(6)	5.092	0	0.0037394
2+(21)	11.121	3/2+(6)	5.092	2	0.00120679
2+(21)	11.121	7/2+(3)	5.142	2	0.000632584
2+(21)	11.121	5/2+(5)	5.177	0	4.55381e-06
2+(21)	11.121	5/2+(5)	5.177	2	0.00180682
2+(21)	11.121	1/2+(4)	5.218	2	2.63341e-05
2+(21)	11.121	7/2+(4)	5.332	2	0.00246181
5+(4)	11.142	5/2+(1)	1.924	2	0.00177128
5+(4)	11.142	5/2+(2)	2.951	2	0.000300901
5+(4)	11.142	7/2+(1)	2.967	2	0.00387013
5+(4)	11.142	5/2+(3)	3.844	2	0.0010715
5+(4)	11.142	7/2+(2)	4.088	2	0.00225847
5+(4)	11.142	9/2+(1)	4.206	0	0.00343016
5+(4)	11.142	9/2+(1)	4.206	2	0.00851002
5+(4)	11.142	5/2+(4)	4.61	2	0.000258867
5+(4)	11.142	7/2+(3)	5.142	2	0.0183559
5+(4)	11.142	5/2+(5)	5.177	2	0.00312744
5+(4)	11.142	7/2+(4)	5.332	2	0.00495457
4+(11)	11.143	3/2+(1)	0	2	0.000542924
4+(11)	11.143	5/2+(1)	1.924	2	0.00283682
4+(11)	11.143	3/2+(2)	2.243	2	0.000131509
4+(11)	11.143	5/2+(2)	2.951	2	0.0320947
4+(11)	11.143	7/2+(1)	2.967	0	0.00342223
4+(11)	11.143	7/2+(1)	2.967	2	0.00135626
4+(11)	11.143	3/2+(3)	3.587	2	0.000831858
4+(11)	11.143	5/2+(3)	3.844	2	0.0038938
4+(11)	11.143	7/2+(2)	4.088	0	0.029643
4+(11)	11.143	7/2+(2)	4.088	2	0.00216951
4+(11)	11.143	9/2+(1)	4.206	0	0.000313398
4+(11)	11.143	9/2+(1)	4.206	2	0.0170478
4+(11)	11.143	3/2+(4)	4.357	2	0.000786083
4+(11)	11.143	5/2+(4)	4.61	2	0.0063957
4+(11)	11.143	3/2+(5)	4.702	2	0.00442505
4+(11)	11.143	3/2+(6)	5.092	2	0.000490999
4+(11)	11.143	7/2+(3)	5.142	0	0.031656
4+(11)	11.143	7/2+(3)	5.142	2	0.00233665
4+(11)	11.143	5/2+(5)	5.177	2	0.00773881
4+(11)	11.143	7/2+(4)	5.332	0	0.00991873
4+(11)	11.143	7/2+(4)	5.332	2	0.0023686
4+(12)	11.197	3/2+(1)	0	2	0.00247265
4+(12)	11.197	5/2+(1)	1.924	2	0.000596196
4+(12)	11.197	3/2+(2)	2.243	2	0.000602992
4+(12)	11.197	5/2+(2)	2.951	2	0.00309355
4+(12)	11.197	7/2+(1)	2.967	0	0.0125785
4+(12)	11.197	7/2+(1)	2.967	2	0.00886596
4+(12)	11.197	3/2+(3)	3.587	2	5.47988e-05
4+(12)	11.197	5/2+(3)	3.844	2	0.00201989
4+(12)	11.197	7/2+(2)	4.088	0	0.000905135
4+(12)	11.197	7/2+(2)	4.088	2	0.00320106
4+(12)	11.197	9/2+(1)	4.206	0	0.00512794
4+(12)	11.197	9/2+(1)	4.206	2	0.00918895
4+(12)	11.197	3/2+(4)	4.357	2	1.00104e-05
4+(12)	11.197	5/2+(4)	4.61	2	0.000695706
4+(12)	11.197	3/2+(5)	4.702	2	0.000422883
4+(12)	11.197	3/2+(6)	5.092	2	6.15595e-05
4+(12)	11.197	7/2+(3)	5.142	0	0.000247038
4+(12)	11.197	7/2+(3)	5.142	2	0.00274053
4+(12)	11.197	5/2+(5)	5.177	2	0.000658354
4+(12)	11.197	7/2+(4)	5.332	0	0.00313539
4+(12)	11.197	7/2+(4)	5.332	2	0.0128795
6+(2)	11.282	7/2+(1)	2.967	2	0.000449529
6+(2)	11.282	7/2+(2)	4.088	2	0.000767605
6+(2)	11.282	9/2+(1)	4.206	2	0.0159809
6+(2)	11.282	7/2+(3)	5.142	2	0.000684671
6+(2)	11.282	7/2+(4)	5.332	2	0.00100766
0+(8)	11.35	3/2+(1)	0	2	0.000460849
0+(8)	11.35	1/2+(1)	0.853	0	6.45468e-05
0+(8)	11.35	5/2+(1)	1.924	2	0.00376787
0+(8)	11.35	3/2+(2)	2.243	2	0.00229505
0+(8)	11.35	5/2+(2)	2.951	2	0.000881447
0+(8)	11.35	3/2+(3)	3.587	2	7.45997e-05
0+(8)	11.35	5/2+(3)	3.844	2	0.00307271
0+(8)	11.35	1/2+(2)	3.945	0	0.0116757
0+(8)	11.35	1/2+(3)	4.278	0	0.000652846
0+(8)	11.35	3/2+(4)	4.357	2	0.0012226
0+(8)	11.35	5/2+(4)	4.61	2	0.00211508
0+(8)	11.35	3/2+(5)	4.702	2	0.0430605
0+(8)	11.35	3/2+(6)	5.092	2	0.0529734
0+(8)	11.35	5/2+(5)	5.177	2	0.0106374
0+(8)	11.35	1/2+(4)	5.218	0	1.74307e-05
1+(14)	11.514	3/2+(1)	0	0	0.000613872
1+(14)	11.514	3/2+(1)	0	2	0.000440283
1+(14)	11.514	1/2+(1)	0.853	0	0.000728877
1+(14)	11.514	1/2+(1)	0.853	2	0.000720562
1+(14)	11.514	5/2+(1)	1.924	2	0.000170594
1+(14)	11.514	3/2+(2)	2.243	0	5.31382e-05
1+(14)	11.514	3/2+(2)	2.243	2	0.000355515
1+(14)	11.514	5/2+(2)	2.951	2	0.00661668
1+(14)	11.514	7/2+(1)	2.967	2	8.94646e-05
1+(14)	11.514	3/2+(3)	3.587	0	0.00103312
1+(14)	11.514	3/2+(3)	3.587	2	0.000282457
1+(14)	11.514	5/2+(3)	3.844	2	0.00540247
1+(14)	11.514	1/2+(2)	3.945	0	0.00125776
1+(14)	11.514	1/2+(2)	3.945	2	0.000635802
1+(14)	11.514	7/2+(2)	4.088	2	0.000818673
1+(14)	11.514	1/2+(3)	4.278	0	0.00451347
1+(14)	11.514	1/2+(3)	4.278	2	0.00122424
1+(14)	11.514	3/2+(4)	4.357	0	0.0177744
1+(14)	11.514	3/2+(4)	4.357	2	0.00295082
1+(14)	11.514	5/2+(4)	4.61	2	0.000107347
1+(14)	11.514	3/2+(5)	4.702	0	0.000117429
1+(14)	11.514	3/2+(5)	4.702	2	0.00951884
1+(14)	11.514	3/2+(6)	5.092	0	0.000417164
1+(14)	11.514	3/2+(6)	5.092	2	0.00548716
1+(14)	11.514	7/2+(3)	5.142	2	0.000389921
1+(14)	11.514	5/2+(5)	5.177	2	0.0168807
1+(14)	11.514	1/2+(4)	5.218	0	2.93707e-05
1+(14)	11.514	1/2+(4)	5.218	2	0.000655247
1+(14)	11.514	7/2+(4)	5.332	2	0.00181588
3+(14)	11.515	3/2+(1)	0	2	0.000483544
3+(14)	11.515	1/2+(1)	0.853	2	0.000471514
3+(14)	11.515	5/2+(1)	1.924	0	0.000356139
3+(14)	11.515	5/2+(1)	1.924	2	9.9136e-05
3+(14)	11.515	3/2+(2)	2.243	2	0.00499721
3+(14)	11.515	5/2+(2)	2.951	0	0.0045997
3+(14)	11.515	5/2+(2)	2.951	2	0.00899208
3+(14)	11.515	7/2+(1)	2.967	0	0.000236284
3+(14)	11.515	7/2+(1)	2.967	2	0.00528496
3+(14)	11.515	3/2+(3)	3.587	2	0.00210351
3+(14)	11.515	5/2+(3)	3.844	0	0.00472051
3+(14)	11.515	5/2+(3)	3.844	2	0.00989932
3+(14)	11.515	1/2+(2)	3.945	2	0.00125995
3+(14)	11.515	7/2+(2)	4.088	0	0.000849059
3+(14)	11.515	7/2+(2)	4.088	2	0.00403107
3+(14)	11.515	9/2+(1)	4.206	2	0.0003783
3+(14)	11.515	1/2+(3)	4.278	2	0.000189414
3+(14)	11.515	3/2+(4)	4.357	2	0.000381157
3+(14)	11.515	5/2+(4)	4.61	0	0.000859035
3+(14)	11.515	5/2+(4)	4.61	2	4.15107e-05
3+(14)	11.515	3/2+(5)	4.702	2	0.0335688
3+(14)	11.515	3/2+(6)	5.092	2	0.0018999
3+(14)	11.515	7/2+(3)	5.142	0	0.00547509
3+(14)	11.515	7/2+(3)	5.142	2	0.00534575
3+(14)	11.515	5/2+(5)	5.177	0	0.00318435
3+(14)	11.515	5/2+(5)	5.177	2	0.00473006
3+(14)	11.515	1/2+(4)	5.218	2	2.95127e-08
3+(14)	11.515	7/2+(4)	5.332	0	0.000979641
3+(14)	11.515	7/2+(4)	5.332	2	0.0187062
6+(3)	11.557	7/2+(1)	2.967	2	8.10342e-05
6+(3)	11.557	7/2+(2)	4.088	2	0.00142029
6+(3)	11.557	9/2+(1)	4.206	2	0.0193464
6+(3)	11.557	7/2+(3)	5.142	2	0.00209396
6+(3)	11.557	7/2+(4)	5.332	2	0.000829032
4+(13)	11.571	3/2+(1)	0	2	2.92201e-05
4+(13)	11.571	5/2+(1)	1.924	2	0.00458461
4+(13)	11.571	3/2+(2)	2.243	2	2.30239e-05
4+(13)	11.571	5/2+(2)	2.951	2	0.000831287
4+(13)	11.571	7/2+(1)	2.967	0	0.000189019
4+(13)	11.571	7/2+(1)	2.967	2	0.00486759
4+(13)	11.571	3/2+(3)	3.587	2	5.12618e-06
4+(13)	11.571	5/2+(3)	3.844	2	0.00128954
4+(13)	11.571	7/2+(2)	4.088	0	0.0093207
4+(13)	11.571	7/2+(2)	4.088	2	0.00227468
4+(13)	11.571	9/2+(1)	4.206	0	0.00137973
4+(13)	11.571	9/2+(1)	4.206	2	0.000381327
4+(13)	11.571	3/2+(4)	4.357	2	0.000468456
4+(13)	11.571	5/2+(4)	4.61	2	0.00034968
4+(13)	11.571	3/2+(5)	4.702	2	0.000790236
4+(13)	11.571	3/2+(6)	5.092	2	0.000677266
4+(13)	11.571	7/2+(3)	5.142	0	0.000801339
4+(13)	11.571	7/2+(3)	5.142	2	0.000408579
4+(13)	11.571	5/2+(5)	5.177	2	0.000254539
4+(13)	11.571	7/2+(4)	5.332	0	0.000352476
4+(13)	11.571	7/2+(4)	5.332	2	0.00123831
3+(15)	11.625	3/2+(1)	0	2	0.000140981
3+(15)	11.625	1/2+(1)	0.853	2	0.000147499
3+(15)	11.625	5/2+(1)	1.924	0	0.000165905
3+(15)	11.625	5/2+(1)	1.924	2	0.000916822
3+(15)	11.625	3/2+(2)	2.243	2	0.00528923
3+(15)	11.625	5/2+(2)	2.951	0	0.00801547
3+(15)	11.625	5/2+(2)	2.951	2	0.000866141
3+(15)	11.625	7/2+(1)	2.967	0	1.82982e-05
3+(15)	11.625	7/2+(1)	2.967	2	0.000662509
3+(15)	11.625	3/2+(3)	3.587	2	0.00654282
3+(15)	11.625	5/2+(3)	3.844	0	0.00110535
3+(15)	11.625	5/2+(3)	3.844	2	0.0069531
3+(15)	11.625	1/2+(2)	3.945	2	1.86149e-06
3+(15)	11.625	7/2+(2)	4.088	0	0.000811433
3+(15)	11.625	7/2+(2)	4.088	2	0.000944687
3+(15)	11.625	9/2+(1)	4.206	2	0.000799937
3+(15)	11.625	1/2+(3)	4.278	2	0.000487127
3+(15)	11.625	3/2+(4)	4.357	2	0.0102926
3+(15)	11.625	5/2+(4)	4.61	0	0.00596767
3+(15)	11.625	5/2+(4)	4.61	2	0.0040346
3+(15)	11.625	3/2+(5)	4.702	2	0.00403876
3+(15)	11.625	3/2+(6)	5.092	2	0.00559219
3+(15)	11.625	7/2+(3)	5.142	0	0.00138152
3+(15)	11.625	7/2+(3)	5.142	2	0.00246588
3+(15)	11.625	5/2+(5)	5.177	0	0.0263966
3+(15)	11.625	5/2+(5)	5.177	2	0.0013878
3+(15)	11.625	1/2+(4)	5.218	2	3.9095e-05
3+(15)	11.625	7/2+(4)	5.332	0	0.00836354
3+(15)	11.625	7/2+(4)	5.332	2	0.00714056
6+(4)	11.697	7/2+(1)	2.967	2	0.00208784
6+(4)	11.697	7/2+(2)	4.088	2	0.000352372
6+(4)	11.697	9/2+(1)	4.206	2	0.0655877
6+(4)	11.697	7/2+(3)	5.142	2	0.00248552
6+(4)	11.697	7/2+(4)	5.332	2	0.00295631
0+(9)	11.713	3/2+(1)	0	2	0.000807635
0+(9)	11.713	1/2+(1)	0.853	0	3.89429e-06
0+(9)	11.713	5/2+(1)	1.924	2	3.44731e-06
0+(9)	11.713	3/2+(2)	2.243	2	0.00256431
0+(9)	11.713	5/2+(2)	2.951	2	0.00053841
0+(9)	11.713	3/2+(3)	3.587	2	0.00262746
0+(9)	11.713	5/2+(3)	3.844	2	0.00812402
0+(9)	11.713	1/2+(2)	3.945	0	0.0042327
0+(9)	11.713	1/2+(3)	4.278	0	0.00709149
0+(9)	11.713	3/2+(4)	4.357	2	0.00572312
0+(9)	11.713	5/2+(4)	4.61	2	0.0009718
0+(9)	11.713	3/2+(5)	4.702	2	0.0165095
0+(9)	11.713	3/2+(6)	5.092	2	0.00142441
0+(9)	11.713	5/2+(5)	5.177	2	0.00296063
0+(9)	11.713	1/2+(4)	5.218	0	0.00226237
2+(22)	11.746	3/2+(1)	0	0	0.00276677
2+(22)	11.746	3/2+(1)	0	2	8.55798e-05
2+(22)	11.746	1/2+(1)	0.853	2	6.39677e-05
2+(22)	11.746	5/2+(1)	1.924	0	0.000511566
2+(22)	11.746	5/2+(1)	1.924	2	0.00249652
2+(22)	11.746	3/2+(2)	2.243	0	0.001648
2+(22)	11.746	3/2+(2)	2.243	2	0.000216412
2+(22)	11.746	5/2+(2)	2.951	0	0.00506071
2+(22)	11.746	5/2+(2)	2.951	2	0.0041664
2+(22)	11.746	7/2+(1)	2.967	2	0.00594536
2+(22)	11.746	3/2+(3)	3.587	0	0.0104987
2+(22)	11.746	3/2+(3)	3.587	2	0.00222643
2+(22)	11.746	5/2+(3)	3.844	0	5.94144e-05
2+(22)	11.746	5/2+(3)	3.844	2	0.00768351
2+(22)	11.746	1/2+(2)	3.945	2	0.00310149
2+(22)	11.746	7/2+(2)	4.088	2	0.0147447
2+(22)	11.746	9/2+(1)	4.206	2	0.000331371
2+(22)	11.746	1/2+(3)	4.278	2	0.00108218
2+(22)	11.746	3/2+(4)	4.357	0	0.00120787
2+(22)	11.746	3/2+(4)	4.357	2	0.00136819
2+(22)	11.746	5/2+(4)	4.61	0	0.00139438
2+(22)	11.746	5/2+(4)	4.61	2	0.00914372
2+(22)	11.746	3/2+(5)	4.702	0	0.00310739
2+(22)	11.746	3/2+(5)	4.702	2	0.0163581
2+(22)	11.746	3/2+(6)	5.092	0	0.0034736
2+(22)	11.746	3/2+(6)	5.092	2	0.00154421
2+(22)	11.746	7/2+(3)	5.142	2	0.0102164
2+(22)	11.746	5/2+(5)	5.177	0	0.0018679
2+(22)	11.746	5/2+(5)	5.177	2	0.00167729
2+(22)	11.746	1/2+(4)	5.218	2	0.000701354
2+(22)	11.746	7/2+(4)	5.332	2	0.0207869
1+(15)	11.755	3/2+(1)	0	0	0.00021678
1+(15)	11.755	3/2+(1)	0	2	0.000124863
1+(15)	11.755	1/2+(1)	0.853	0	0.000192386
1+(15)	11.755	1/2+(1)	0.853	2	0.000230674
1+(15)	11.755	5/2+(1)	1.924	2	0.000674615
1+(15)	11.755	3/2+(2)	2.243	0	0.00100136
1+(15)	11.755	3/2+(2)	2.243	2	5.89318e-05
1+(15)	11.755	5/2+(2)	2.951	2	0.000916532
1+(15)	11.755	7/2+(1)	2.967	2	0.00026793
1+(15)	11.755	3/2+(3)	3.587	0	0.00362899
1+(15)	11.755	3/2+(3)	3.587	2	0.0102779
1+(15)	11.755	5/2+(3)	3.844	2	0.00942786
1+(15)	11.755	1/2+(2)	3.945	0	0.00605186
1+(15)	11.755	1/2+(2)	3.945	2	0.000921806
1+(15)	11.755	7/2+(2)	4.088	2	4.91358e-06
1+(15)	11.755	1/2+(3)	4.278	0	0.0226422
1+(15)	11.755	1/2+(3)	4.278	2	0.00954953
1+(15)	11.755	3/2+(4)	4.357	0	0.000415536
1+(15)	11.755	3/2+(4)	4.357	2	0.00646723
1+(15)	11.755	5/2+(4)	4.61	2	0.00039972
1+(15)	11.755	3/2+(5)	4.702	0	0.00566344
1+(15)	11.755	3/2+(5)	4.702	2	0.012134
1+(15)	11.755	3/2+(6)	5.092	0	0.000554243
1+(15)	11.755	3/2+(6)	5.092	2	0.0144777
1+(15)	11.755	7/2+(3)	5.142	2	0.00101287
1+(15)	11.755	5/2+(5)	5.177	2	0.00535945
1+(15)	11.755	1/2+(4)	5.218	0	0.00043081
1+(15)	11.755	1/2+(4)	5.218	2	0.000202202
1+(15)	11.755	7/2+(4)	5.332	2	0.00013143
3+(16)	11.787	3/2+(1)	0	2	0.000455946
3+(16)	11.787	1/2+(1)	0.853	2	0.000928439
3+(16)	11.787	5/2+(1)	1.924	0	2.55318e-05
3+(16)	11.787	5/2+(1)	1.924	2	1.16369e-05
3+(16)	11.787	3/2+(2)	2.243	2	0.000470127
3+(16)	11.787	5/2+(2)	2.951	0	0.0118176
3+(16)	11.787	5/2+(2)	2.951	2	0.0022613
3+(16)	11.787	7/2+(1)	2.967	0	0.000272371
3+(16)	11.787	7/2+(1)	2.967	2	3.85862e-05
3+(16)	11.787	3/2+(3)	3.587	2	0.00455184
3+(16)	11.787	5/2+(3)	3.844	0	2.52822e-05
3+(16)	11.787	5/2+(3)	3.844	2	0.00565642
3+(16)	11.787	1/2+(2)	3.945	2	0.00197756
3+(16)	11.787	7/2+(2)	4.088	0	0.000193064
3+(16)	11.787	7/2+(2)	4.088	2	0.0038444
3+(16)	11.787	9/2+(1)	4.206	2	0.0010593
3+(16)	11.787	1/2+(3)	4.278	2	0.000104179
3+(16)	11.787	3/2+(4)	4.357	2	0.00438719
3+(16)	11.787	5/2+(4)	4.61	0	0.00728666
3+(16)	11.787	5/2+(4)	4.61	2	0.00908799
3+(16)	11.787	3/2+(5)	4.702	2	0.000681366
3+(16)	11.787	3/2+(6)	5.092	2	0.000854011
3+(16)	11.787	7/2+(3)	5.142	0	2.44937e-07
3+(16)	11.787	7/2+(3)	5.142	2	0.0104339
3+(16)	11.787	5/2+(5)	5.177	0	0.00106446
3+(16)	11.787	5/2+(5)	5.177	2	0.00312463
3+(16)	11.787	1/2+(4)	5.218	2	0.000505259
3+(16)	11.787	7/2+(4)	5.332	0	0.00380057
3+(16)	11.787	7/2+(4)	5.332	2	0.0279131
3+(17)	11.831	3/2+(1)	0	2	4.82973e-05
3+(17)	11.831	1/2+(1)	0.853	2	0.00104915
3+(17)	11.831	5/2+(1)	1.924	0	9.3419e-05
3+(17)	11.831	5/2+(1)	1.924	2	0.000973467
3+(17)	11.831	3/2+(2)	2.243	2	0.000727803
3+(17)	11.831	5/2+(2)	2.951	0	0.00155656
3+(17)	11.831	5/2+(2)	2.951	2	0.00224039
3+(17)	11.831	7/2+(1)	2.967	0	0.00193196
3+(17)	11.831	7/2+(1)	2.967	2	0.00352734
3+(17)	11.831	3/2+(3)	3.587	2	0.00444809
3+(17)	11.831	5/2+(3)	3.844	0	0.00216199
3+(17)	11.831	5/2+(3)	3.844	2	0.00345764
3+(17)	11.831	1/2+(2)	3.945	2	0.000617565
3+(17)	11.831	7/2+(2)	4.088	0	0.000136883
3+(17)	11.831	7/2+(2)	4.088	2	0.00103122
3+(17)	11.831	9/2+(1)	4.206	2	0.000973345
3+(17)	11.831	1/2+(3)	4.278	2	6.54908e-05
3+(17)	11.831	3/2+(4)	4.357	2	0.0030194
3+(17)	11.831	5/2+(4)	4.61	0	0.000874715
3+(17)	11.831	5/2+(4)	4.61	2	0.00348784
3+(17)	11.831	3/2+(5)	4.702	2	0.00294763
3+(17)	11.831	3/2+(6)	5.092	2	0.00504584
3+(17)	11.831	7/2+(3)	5.142	0	1.54261e-05
3+(17)	11.831	7/2+(3)	5.142	2	0.00164539
3+(17)	11.831	5/2+(5)	5.177	0	0.000225738
3+(17)	11.831	5/2+(5)	5.177	2	0.000498473
3+(17)	11.831	1/2+(4)	5.218	2	7.25967e-05
3+(17)	11.831	7/2+(4)	5.332	0	0.00151089
3+(17)	11.831	7/2+(4)	5.332	2	0.0118675
2+(23)	11.914	3/2+(1)	0	0	0.000301217
2+(23)	11.914	3/2+(1)	0	2	0.00048611
2+(23)	11.914	1/2+(1)	0.853	2	0.000703669
2+(23)	11.914	5/2+(1)	1.924	0	0.000320157
2+(23)	11.914	5/2+(1)	1.924	2	0.00084241
2+(23)	11.914	3/2+(2)	2.243	0	9.28103e-06
2+(23)	11.914	3/2+(2)	2.243	2	0.000777167
2+(23)	11.914	5/2+(2)	2.951	0	7.12195e-10
2+(23)	11.914	5/2+(2)	2.951	2	0.000306084
2+(23)	11.914	7/2+(1)	2.967	2	0.000167605
2+(23)	11.914	3/2+(3)	3.587	0	0.000241597
2+(23)	11.914	3/2+(3)	3.587	2	0.00400751
2+(23)	11.914	5/2+(3)	3.844	0	0.000124198
2+(23)	11.914	5/2+(3)	3.844	2	0.00424683
2+(23)	11.914	1/2+(2)	3.945	2	0.00109238
2+(23)	11.914	7/2+(2)	4.088	2	0.000116827
2+(23)	11.914	9/2+(1)	4.206	2	7.58111e-07
2+(23)	11.914	1/2+(3)	4.278	2	0.00454094
2+(23)	11.914	3/2+(4)	4.357	0	0.000271198
2+(23)	11.914	3/2+(4)	4.357	2	0.00282518
2+(23)	11.914	5/2+(4)	4.61	0	2.51101e-05
2+(23)	11.914	5/2+(4)	4.61	2	0.00530368
2+(23)	11.914	3/2+(5)	4.702	0	0.000438593
2+(23)	11.914	3/2+(5)	4.702	2	0.00657665
2+(23)	11.914	3/2+(6)	5.092	0	1.52196e-05
2+(23)	11.914	3/2+(6)	5.092	2	0.00879977
2+(23)	11.914	7/2+(3)	5.142	2	0.000522459
2+(23)	11.914	5/2+(5)	5.177	0	0.00458273
2+(23)	11.914	5/2+(5)	5.177	2	0.00348573
2+(23)	11.914	1/2+(4)	5.218	2	0.000164536
2+(23)	11.914	7/2+(4)	5.332	2	0.0096873
1+(16)	11.944	3/2+(1)	0	0	7.67651e-18
1+(16)	11.944	3/2+(1)	0	2	3.99795e-17
1+(16)	11.944	1/2+(1)	0.853	0	3.04318e-18
1+(16)	11.944	1/2+(1)	0.853	2	2.71691e-17
1+(16)	11.944	5/2+(1)	1.924	2	3.78816e-15
1+(16)	11.944	3/2+(2)	2.243	0	4.98264e-17
1+(16)	11.944	3/2+(2)	2.243	2	9.31122e-18
1+(16)	11.944	5/2+(2)	2.951	2	2.66425e-15
1+(16)	11.944	7/2+(1)	2.967	2	2.02668e-16
1+(16)	11.944	3/2+(3)	3.587	0	2.0733e-18
1+(16)	11.944	3/2+(3)	3.587	2	1.49377e-16
1+(16)	11.944	5/2+(3)	3.844	2	3.56394e-16
1+(16)	11.944	1/2+(2)	3.945	0	1.21602e-18
1+(16)	11.944	1/2+(2)	3.945	2	7.02342e-17
1+(16)	11.944	7/2+(2)	4.088	2	5.6638e-17
1+(16)	11.944	1/2+(3)	4.278	0	2.56919e-18
1+(16)	11.944	1/2+(3)	4.278	2	4.60354e-18
1+(16)	11.944	3/2+(4)	4.357	0	2.54068e-17
1+(16)	11.944	3/2+(4)	4.357	2	1.463e-17
1+(16)	11.944	5/2+(4)	4.61	2	1.03037e-15
1+(16)	11.944	3/2+(5)	4.702	0	1.56936e-16
1+(16)	11.944	3/2+(5)	4.702	2	1.78312e-17
1+(16)	11.944	3/2+(6)	5.092	0	2.12227e-17
1+(16)	11.944	3/2+(6)	5.092	2	2.05007e-17
1+(16)	11.944	7/2+(3)	5.142	2	5.34067e-18
1+(16)	11.944	5/2+(5)	5.177	2	6.78388e-16
1+(16)	11.944	1/2+(4)	5.218	0	0.087202
1+(16)	11.944	1/2+(4)	5.218	2	0.0298654
1+(16)	11.944	7/2+(4)	5.332	2	1.63434e-17
4+(14)	11.966	3/2+(1)	0	2	0.000154627
4+(14)	11.966	5/2+(1)	1.924	2	0.00214755
4+(14)	11.966	3/2+(2)	2.243	2	0.00354962
4+(14)	11.966	5/2+(2)	2.951	2	0.0126065
4+(14)	11.966	7/2+(1)	2.967	0	0.000604592
4+(14)	11.966	7/2+(1)	2.967	2	0.000336363
4+(14)	11.966	3/2+(3)	3.587	2	6.60395e-05
4+(14)	11.966	5/2+(3)	3.844	2	0.00306481
4+(14)	11.966	7/2+(2)	4.088	0	0.0170794
4+(14)	11.966	7/2+(2)	4.088	2	0.00641239
4+(14)	11.966	9/2+(1)	4.206	0	0.00147341
4+(14)	11.966	9/2+(1)	4.206	2	0.00195397
4+(14)	11.966	3/2+(4)	4.357	2	0.000764982
4+(14)	11.966	5/2+(4)	4.61	2	0.00633146
4+(14)	11.966	3/2+(5)	4.702	2	5.25426e-05
4+(14)	11.966	3/2+(6)	5.092	2	0.000287989
4+(14)	11.966	7/2+(3)	5.142	0	0.00224222
4+(14)	11.966	7/2+(3)	5.142	2	6.92925e-05
4+(14)	11.966	5/2+(5)	5.177	2	0.00450712
4+(14)	11.966	7/2+(4)	5.332	0	0.00966785
4+(14)	11.966	7/2+(4)	5.332	2	0.000608164
5+(5)	12.006	5/2+(1)	1.924	2	0.000106131
5+(5)	12.006	5/2+(2)	2.951	2	3.21247e-05
5+(5)	12.006	7/2+(1)	2.967	2	0.000978944
5+(5)	12.006	5/2+(3)	3.844	2	0.000319297
5+(5)	12.006	7/2+(2)	4.088	2	0.00762606
5+(5)	12.006	9/2+(1)	4.206	0	0.000160801
5+(5)	12.006	9/2+(1)	4.206	2	0.00366609
5+(5)	12.006	5/2+(4)	4.61	2	8.30688e-06
5+(5)	12.006	7/2+(3)	5.142	2	0.0320824
5+(5)	12.006	5/2+(5)	5.177	2	0.000324025
5+(5)	12.006	7/2+(4)	5.332	2	0.00434915
2+(24)	12.02	3/2+(1)	0	0	0.000339148
2+(24)	12.02	3/2+(1)	0	2	0.000221497
2+(24)	12.02	1/2+(1)	0.853	2	0.000929329
2+(24)	12.02	5/2+(1)	1.924	0	0.000583813
2+(24)	12.02	5/2+(1)	1.924	2	0.00068452
2+(24)	12.02	3/2+(2)	2.243	0	1.65434e-05
2+(24)	12.02	3/2+(2)	2.243	2	7.56791e-05
2+(24)	12.02	5/2+(2)	2.951	0	0.000115007
2+(24)	12.02	5/2+(2)	2.951	2	0.00199047
2+(24)	12.02	7/2+(1)	2.967	2	0.0010805
2+(24)	12.02	3/2+(3)	3.587	0	0.00506288
2+(24)	12.02	3/2+(3)	3.587	2	0.0031091
2+(24)	12.02	5/2+(3)	3.844	0	0.000217135
2+(24)	12.02	5/2+(3)	3.844	2	0.00374186
2+(24)	12.02	1/2+(2)	3.945	2	0.0011679
2+(24)	12.02	7/2+(2)	4.088	2	0.00166487
2+(24)	12.02	9/2+(1)	4.206	2	2.43804e-05
2+(24)	12.02	1/2+(3)	4.278	2	0.0103717
2+(24)	12.02	3/2+(4)	4.357	0	7.35987e-05
2+(24)	12.02	3/2+(4)	4.357	2	0.000197017
2+(24)	12.02	5/2+(4)	4.61	0	1.73564e-06
2+(24)	12.02	5/2+(4)	4.61	2	0.000408888
2+(24)	12.02	3/2+(5)	4.702	0	0.000696299
2+(24)	12.02	3/2+(5)	4.702	2	0.000860003
2+(24)	12.02	3/2+(6)	5.092	0	0.000349416
2+(24)	12.02	3/2+(6)	5.092	2	0.00641323
2+(24)	12.02	7/2+(3)	5.142	2	0.00622987
2+(24)	12.02	5/2+(5)	5.177	0	0.00188847
2+(24)	12.02	5/2+(5)	5.177	2	0.00298078
2+(24)	12.02	1/2+(4)	5.218	2	0.000709616
2+(24)	12.02	7/2+(4)	5.332	2	0.00399617
3+(18)	12.029	3/2+(1)	0	2	3.15392e-06
3+(18)	12.029	1/2+(1)	0.853	2	8.4645e-05
3+(18)	12.029	5/2+(1)	1.924	0	0.00102309
3+(18)	12.029	5/2+(1)	1.924	2	5.14083e-05
3+(18)	12.029	3/2+(2)	2.243	2	0.000202353
3+(18)	12.029	5/2+(2)	2.951	0	0.000324298
3+(18)	12.029	5/2+(2)	2.951	2	0.000440678
3+(18)	12.029	7/2+(1)	2.967	0	0.000436622
3+(18)	12.029	7/2+(1)	2.967	2	0.000686012
3+(18)	12.029	3/2+(3)	3.587	2	0.00169225
3+(18)	12.029	5/2+(3)	3.844	0	2.47366e-05
3+(18)	12.029	5/2+(3)	3.844	2	0.00244509
3+(18)	12.029	1/2+(2)	3.945	2	0.000597038
3+(18)	12.029	7/2+(2)	4.088	0	0.000333535
3+(18)	12.029	7/2+(2)	4.088	2	0.00287936
3+(18)	12.029	9/2+(1)	4.206	2	0.000941176
3+(18)	12.029	1/2+(3)	4.278	2	0.000324512
3+(18)	12.029	3/2+(4)	4.357	2	0.00452749
3+(18)	12.029	5/2+(4)	4.61	0	0.00230794
3+(18)	12.029	5/2+(4)	4.61	2	0.0013272
3+(18)	12.029	3/2+(5)	4.702	2	0.000503924
3+(18)	12.029	3/2+(6)	5.092	2	0.00420007
3+(18)	12.029	7/2+(3)	5.142	0	0.00504395
3+(18)	12.029	7/2+(3)	5.142	2	0.000341198
3+(18)	12.029	5/2+(5)	5.177	0	2.0975e-05
3+(18)	12.029	5/2+(5)	5.177	2	0.00307808
3+(18)	12.029	1/2+(4)	5.218	2	9.60044e-06
3+(18)	12.029	7/2+(4)	5.332	0	0.00251212
3+(18)	12.029	7/2+(4)	5.332	2	0.000229291
4+(15)	12.081	3/2+(1)	0	2	1.46293e-05
4+(15)	12.081	5/2+(1)	1.924	2	0.0105071
4+(15)	12.081	3/2+(2)	2.243	2	0.00140928
4+(15)	12.081	5/2+(2)	2.951	2	0.00445608
4+(15)	12.081	7/2+(1)	2.967	0	9.47427e-05
4+(15)	12.081	7/2+(1)	2.967	2	0.00149199
4+(15)	12.081	3/2+(3)	3.587	2	0.00165434
4+(15)	12.081	5/2+(3)	3.844	2	0.000923391
4+(15)	12.081	7/2+(2)	4.088	0	0.00304425
4+(15)	12.081	7/2+(2)	4.088	2	0.0116575
4+(15)	12.081	9/2+(1)	4.206	0	0.000291556
4+(15)	12.081	9/2+(1)	4.206	2	0.00727176
4+(15)	12.081	3/2+(4)	4.357	2	9.91251e-06
4+(15)	12.081	5/2+(4)	4.61	2	0.00421836
4+(15)	12.081	3/2+(5)	4.702	2	0.000448896
4+(15)	12.081	3/2+(6)	5.092	2	9.48769e-06
4+(15)	12.081	7/2+(3)	5.142	0	0.00276678
4+(15)	12.081	7/2+(3)	5.142	2	0.00517348
4+(15)	12.081	5/2+(5)	5.177	2	0.0170703
4+(15)	12.081	7/2+(4)	5.332	0	0.00015429
4+(15)	12.081	7/2+(4)	5.332	2	0.00225587
2+(25)	12.09	3/2+(1)	0	0	0.000688809
2+(25)	12.09	3/2+(1)	0	2	9.18263e-05
2+(25)	12.09	1/2+(1)	0.853	2	0.00119238
2+(25)	12.09	5/2+(1)	1.924	0	0.000465721
2+(25)	12.09	5/2+(1)	1.924	2	0.00278997
2+(25)	12.09	3/2+(2)	2.243	0	0.000509171
2+(25)	12.09	3/2+(2)	2.243	2	0.000968502
2+(25)	12.09	5/2+(2)	2.951	0	0.000277382
2+(25)	12.09	5/2+(2)	2.951	2	0.00128076
2+(25)	12.09	7/2+(1)	2.967	2	0.000109228
2+(25)	12.09	3/2+(3)	3.587	0	0.000644037
2+(25)	12.09	3/2+(3)	3.587	2	0.00144081
2+(25)	12.09	5/2+(3)	3.844	0	6.7041e-05
2+(25)	12.09	5/2+(3)	3.844	2	0.00159469
2+(25)	12.09	1/2+(2)	3.945	2	0.00364768
2+(25)	12.09	7/2+(2)	4.088	2	0.00186691
2+(25)	12.09	9/2+(1)	4.206	2	0.000522654
2+(25)	12.09	1/2+(3)	4.278	2	0.00103928
2+(25)	12.09	3/2+(4)	4.357	0	0.00211886
2+(25)	12.09	3/2+(4)	4.357	2	0.00208819
2+(25)	12.09	5/2+(4)	4.61	0	2.32001e-05
2+(25)	12.09	5/2+(4)	4.61	2	0.00648313
2+(25)	12.09	3/2+(5)	4.702	0	8.50671e-05
2+(25)	12.09	3/2+(5)	4.702	2	0.00100153
2+(25)	12.09	3/2+(6)	5.092	0	6.65511e-05
2+(25)	12.09	3/2+(6)	5.092	2	1.67084e-05
2+(25)	12.09	7/2+(3)	5.142	2	0.00555943
2+(25)	12.09	5/2+(5)	5.177	0	0.00891871
2+(25)	12.09	5/2+(5)	5.177	2	0.00238304
2+(25)	12.09	1/2+(4)	5.218	2	0.000566425
2+(25)	12.09	7/2+(4)	5.332	2	0.000966945
0+(10)	12.152	3/2+(1)	0	2	1.90603e-10
0+(10)	12.152	1/2+(1)	0.853	0	2.12639e-10
0+(10)	12.152	5/2+(1)	1.924	2	4.97842e-12
0+(10)	12.152	3/2+(2)	2.243	2	1.73685e-10
0+(10)	12.152	5/2+(2)	2.951	2	1.98974e-10
0+(10)	12.152	3/2+(3)	3.587	2	1.78522e-10
0+(10)	12.152	5/2+(3)	3.844	2	2.35088e-09
0+(10)	12.152	1/2+(2)	3.945	0	3.48633e-10
0+(10)	12.152	1/2+(3)	4.278	0	6.02098e-12
0+(10)	12.152	3/2+(4)	4.357	2	2.64536e-10
0+(10)	12.152	5/2+(4)	4.61	2	1.0683e-10
0+(10)	12.152	3/2+(5)	4.702	2	1.50214e-11
0+(10)	12.152	3/2+(6)	5.092	2	1.10776e-09
0+(10)	12.152	5/2+(5)	5.177	2	2.48638e-10
0+(10)	12.152	1/2+(4)	5.218	0	0.103212
2+(26)	12.171	3/2+(1)	0	0	0.000515868
2+(26)	12.171	3/2+(1)	0	2	0.000197585
2+(26)	12.171	1/2+(1)	0.853	2	3.12147e-05
2+(26)	12.171	5/2+(1)	1.924	0	0.000357777
2+(26)	12.171	5/2+(1)	1.924	2	0.00142436
2+(26)	12.171	3/2+(2)	2.243	0	7.65596e-05
2+(26)	12.171	3/2+(2)	2.243	2	0.000517918
2+(26)	12.171	5/2+(2)	2.951	0	1.07534e-06
2+(26)	12.171	5/2+(2)	2.951	2	0.00134836
2+(26)	12.171	7/2+(1)	2.967	2	0.00326374
2+(26)	12.171	3/2+(3)	3.587	0	0.00717219
2+(26)	12.171	3/2+(3)	3.587	2	0.00275374
2+(26)	12.171	5/2+(3)	3.844	0	0.000144389
2+(26)	12.171	5/2+(3)	3.844	2	0.000957536
2+(26)	12.171	1/2+(2)	3.945	2	0.000293524
2+(26)	12.171	7/2+(2)	4.088	2	0.0039736
2+(26)	12.171	9/2+(1)	4.206	2	0.00011913
2+(26)	12.171	1/2+(3)	4.278	2	0.0034423
2+(26)	12.171	3/2+(4)	4.357	0	0.00342183
2+(26)	12.171	3/2+(4)	4.357	2	0.00513726
2+(26)	12.171	5/2+(4)	4.61	0	0.00153447
2+(26)	12.171	5/2+(4)	4.61	2	0.00195191
2+(26)	12.171	3/2+(5)	4.702	0	0.002818
2+(26)	12.171	3/2+(5)	4.702	2	0.000346537
2+(26)	12.171	3/2+(6)	5.092	0	0.00200436
2+(26)	12.171	3/2+(6)	5.092	2	0.00942202
2+(26)	12.171	7/2+(3)	5.142	2	0.00109712
2+(26)	12.171	5/2+(5)	5.177	0	8.08596e-06
2+(26)	12.171	5/2+(5)	5.177	2	0.00792585
2+(26)	12.171	1/2+(4)	5.218	2	2.34961e-06
2+(26)	12.171	7/2+(4)	5.332	2	0.00131668
3+(19)	12.233	3/2+(1)	0	2	5.94489e-05
3+(19)	12.233	1/2+(1)	0.853	2	1.88701e-05
3+(19)	12.233	5/2+(1)	1.924	0	0.0019931
3+(19)	12.233	5/2+(1)	1.924	2	0.00117886
3+(19)	12.233	3/2+(2)	2.243	2	0.00145008
3+(19)	12.233	5/2+(2)	2.951	0	0.00041545
3+(19)	12.233	5/2+(2)	2.951	2	0.000977903
3+(19)	12.233	7/2+(1)	2.967	0	1.52335e-05
3+(19)	12.233	7/2+(1)	2.967	2	0.00120093
3+(19)	12.233	3/2+(3)	3.587	2	0.00701994
3+(19)	12.233	5/2+(3)	3.844	0	5.46789e-05
3+(19)	12.233	5/2+(3)	3.844	2	0.00366732
3+(19)	12.233	1/2+(2)	3.945	2	5.47394e-05
3+(19)	12.233	7/2+(2)	4.088	0	2.81618e-06
3+(19)	12.233	7/2+(2)	4.088	2	0.000530519
3+(19)	12.233	9/2+(1)	4.206	2	0.000818614
3+(19)	12.233	1/2+(3)	4.278	2	0.00104289
3+(19)	12.233	3/2+(4)	4.357	2	0.00389656
3+(19)	12.233	5/2+(4)	4.61	0	0.000264965
3+(19)	12.233	5/2+(4)	4.61	2	0.0115372
3+(19)	12.233	3/2+(5)	4.702	2	0.00138529
3+(19)	12.233	3/2+(6)	5.092	2	0.000740292
3+(19)	12.233	7/2+(3)	5.142	0	0.000853573
3+(19)	12.233	7/2+(3)	5.142	2	0.00306996
3+(19)	12.233	5/2+(5)	5.177	0	0.0110273
3+(19)	12.233	5/2+(5)	5.177	2	0.0169845
3+(19)	12.233	1/2+(4)	5.218	2	7.10304e-05
3+(19)	12.233	7/2+(4)	5.332	0	0.00339453
3+(19)	12.233	7/2+(4)	5.332	2	0.000135393
7+(1)	12.257	9/2+(1)	4.206	2	0.000699753
5+(6)	12.278	5/2+(1)	1.924	2	0.00252404
5+(6)	12.278	5/2+(2)	2.951	2	4.33716e-05
5+(6)	12.278	7/2+(1)	2.967	2	0.000450338
5+(6)	12.278	5/2+(3)	3.844	2	3.67664e-06
5+(6)	12.278	7/2+(2)	4.088	2	0.0106637
5+(6)	12.278	9/2+(1)	4.206	0	0.00161636
5+(6)	12.278	9/2+(1)	4.206	2	0.0101573
5+(6)	12.278	5/2+(4)	4.61	2	0.000354654
5+(6)	12.278	7/2+(3)	5.142	2	0.000358878
5+(6)	12.278	5/2+(5)	5.177	2	0.000290679
5+(6)	12.278	7/2+(4)	5.332	2	0.00554286
1+(17)	12.296	3/2+(1)	0	0	1.66004e-05
1+(17)	12.296	3/2+(1)	0	2	0.000148825
1+(17)	12.296	1/2+(1)	0.853	0	0.000889705
1+(17)	12.296	1/2+(1)	0.853	2	1.24668e-07
1+(17)	12.296	5/2+(1)	1.924	2	0.000728576
1+(17)	12.296	3/2+(2)	2.243	0	2.83855e-05
1+(17)	12.296	3/2+(2)	2.243	2	0.0033919
1+(17)	12.296	5/2+(2)	2.951	2	0.000189444
1+(17)	12.296	7/2+(1)	2.967	2	0.000946981
1+(17)	12.296	3/2+(3)	3.587	0	0.000179628
1+(17)	12.296	3/2+(3)	3.587	2	0.00167866
1+(17)	12.296	5/2+(3)	3.844	2	0.0012992
1+(17)	12.296	1/2+(2)	3.945	0	5.72176e-06
1+(17)	12.296	1/2+(2)	3.945	2	0.000294712
1+(17)	12.296	7/2+(2)	4.088	2	0.000965827
1+(17)	12.296	1/2+(3)	4.278	0	0.00482729
1+(17)	12.296	1/2+(3)	4.278	2	0.000910902
1+(17)	12.296	3/2+(4)	4.357	0	0.00163083
1+(17)	12.296	3/2+(4)	4.357	2	0.0071949
1+(17)	12.296	5/2+(4)	4.61	2	0.00368078
1+(17)	12.296	3/2+(5)	4.702	0	0.000885146
1+(17)	12.296	3/2+(5)	4.702	2	0.00013458
1+(17)	12.296	3/2+(6)	5.092	0	3.03457e-06
1+(17)	12.296	3/2+(6)	5.092	2	0.00145308
1+(17)	12.296	7/2+(3)	5.142	2	0.00128496
1+(17)	12.296	5/2+(5)	5.177	2	0.00482859
1+(17)	12.296	1/2+(4)	5.218	0	5.15393e-05
1+(17)	12.296	1/2+(4)	5.218	2	5.1706e-06
1+(17)	12.296	7/2+(4)	5.332	2	0.00135644
2+(27)	12.356	3/2+(1)	0	0	0.000376741
2+(27)	12.356	3/2+(1)	0	2	0.000805775
2+(27)	12.356	1/2+(1)	0.853	2	0.000524607
2+(27)	12.356	5/2+(1)	1.924	0	0.000776477
2+(27)	12.356	5/2+(1)	1.924	2	0.000146915
2+(27)	12.356	3/2+(2)	2.243	0	0.00141782
2+(27)	12.356	3/2+(2)	2.243	2	0.000214546
2+(27)	12.356	5/2+(2)	2.951	0	5.6286e-05
2+(27)	12.356	5/2+(2)	2.951	2	0.00251456
2+(27)	12.356	7/2+(1)	2.967	2	0.000425331
2+(27)	12.356	3/2+(3)	3.587	0	0.00041233
2+(27)	12.356	3/2+(3)	3.587	2	0.00233911
2+(27)	12.356	5/2+(3)	3.844	0	0.000663251
2+(27)	12.356	5/2+(3)	3.844	2	0.00683244
2+(27)	12.356	1/2+(2)	3.945	2	0.00624216
2+(27)	12.356	7/2+(2)	4.088	2	0.000281145
2+(27)	12.356	9/2+(1)	4.206	2	0.00190562
2+(27)	12.356	1/2+(3)	4.278	2	0.00356143
2+(27)	12.356	3/2+(4)	4.357	0	0.00746472
2+(27)	12.356	3/2+(4)	4.357	2	0.00432663
2+(27)	12.356	5/2+(4)	4.61	0	0.00171254
2+(27)	12.356	5/2+(4)	4.61	2	0.00464721
2+(27)	12.356	3/2+(5)	4.702	0	0.0151301
2+(27)	12.356	3/2+(5)	4.702	2	0.00168531
2+(27)	12.356	3/2+(6)	5.092	0	0.00217124
2+(27)	12.356	3/2+(6)	5.092	2	0.00417826
2+(27)	12.356	7/2+(3)	5.142	2	0.00346447
2+(27)	12.356	5/2+(5)	5.177	0	0.00162851
2+(27)	12.356	5/2+(5)	5.177	2	0.000443852
2+(27)	12.356	1/2+(4)	5.218	2	0.000126649
2+(27)	12.356	7/2+(4)	5.332	2	0.00156462
1+(18)	12.363	3/2+(1)	0	0	5.09048e-07
1+(18)	12.363	3/2+(1)	0	2	0.000512331
1+(18)	12.363	1/2+(1)	0.853	0	0.0017795
1+(18)	12.363	1/2+(1)	0.853	2	3.19713e-07
1+(18)	12.363	5/2+(1)	1.924	2	0.0119149
1+(18)	12.363	3/2+(2)	2.243	0	1.7011e-06
1+(18)	12.363	3/2+(2)	2.243	2	0.0125435
1+(18)	12.363	5/2+(2)	2.951	2	0.127128
1+(18)	12.363	7/2+(1)	2.967	2	0.00012838
1+(18)	12.363	3/2+(3)	3.587	0	4.05328e-07
1+(18)	12.363	3/2+(3)	3.587	2	0.00126852
1+(18)	12.363	5/2+(3)	3.844	2	0.133658
1+(18)	12.363	1/2+(2)	3.945	0	4.25297e-07
1+(18)	12.363	1/2+(2)	3.945	2	2.11806e-06
1+(18)	12.363	7/2+(2)	4.088	2	1.47288e-11
1+(18)	12.363	1/2+(3)	4.278	0	0.00104786
1+(18)	12.363	1/2+(3)	4.278	2	2.91952e-06
1+(18)	12.363	3/2+(4)	4.357	0	8.40927e-06
1+(18)	12.363	3/2+(4)	4.357	2	0.000458448
1+(18)	12.363	5/2+(4)	4.61	2	0.0156998
1+(18)	12.363	3/2+(5)	4.702	0	1.68027e-05
1+(18)	12.363	3/2+(5)	4.702	2	0.00627365
1+(18)	12.363	3/2+(6)	5.092	0	2.4663e-06
1+(18)	12.363	3/2+(6)	5.092	2	0.00689554
1+(18)	12.363	7/2+(3)	5.142	2	0.00012088
1+(18)	12.363	5/2+(5)	5.177	2	0.00110637
1+(18)	12.363	1/2+(4)	5.218	0	0.000692418
1+(18)	12.363	1/2+(4)	5.218	2	8.45824e-08
1+(18)	12.363	7/2+(4)	5.332	2	5.16389e-05
