** ASCII Graphical Level Scheme file.
** First five lines are reserved for comments.
** This file created 09-Jan-26 14:13:43
** Program GLS,  author D.C. Radford
**
 ASCII GLS file format version 1.0
**  Z Nlevels Ngammas  Nbands Nlabels CharSizeX CharSizeY ArrowWidFact
   17      25      45       2       0    150.00    170.00      5.00
**  MaxArrowTan MaxArrowDX DefBandWid DefBandSep ArrowWidth ArrowLength
       0.267900     999.00     600.00     150.00      40.00      80.00
** ArrowBreak LevelBreak   LevCSX   LevCSY LevEnCSX LevEnCSY   GamCSX   GamCSY
       30.00       40.00   100.00   113.00   100.00   113.00   100.00   113.00
** Level   Energy +/- err     Jpi     K Band# LevelFlag LabelFlag EnLabFlag
++   LabelDX   LabelDY EnLabelDX EnLabelDY  LevelDX1  LevelDX2
     1      0.000   0.000      2-     0     1         0         0         1 &
++      0.00      0.00      0.00      0.00      0.00      0.00
     2    671.000   0.000      5-     0     1         0         0         1 &
++      0.00      0.00      0.00      0.00      0.00      0.00
     3    755.000   0.000      3-     0     1         0         0         1 &
++      0.00      0.00      0.00      0.00      0.00      0.00
     4   1309.000   0.000      4-     0     1         0         0         1 &
++      0.00      0.00      0.00      0.00      0.00      0.00
     5   1784.000   0.000      4-     0     1         0         0         1 &
++      0.00      0.00      0.00      0.00      0.00      0.00
     6   3352.000   0.000      5+     0     1         0         0         1 &
++      0.00      0.00      0.00      0.00      0.00      0.00
     7   3644.000   0.000      6+     0     1         0         0         1 &
++      0.00      0.00      0.00      0.00      0.00      0.00
     8   3815.000   0.000      7+     0     1         0         0         1 &
++      0.00      0.00      0.00      0.00      0.00      0.00
     9   4589.000   0.000      7+     0     1         0         0         1 &
++      0.00      0.00      0.00      0.00      0.00      0.00
    10   4835.000   0.000      8+     0     1         0         0         1 &
++      0.00      0.00      0.00      0.00      0.00      0.00
    11   5968.000   0.000      9+     0     1         0         0         1 &
++      0.00      0.00      0.00      0.00      0.00      0.00
    12   6146.000   0.000      9+     0     1         0         0         1 &
++      0.00      0.00      0.00      0.00      0.00      0.00
    13   7780.000   0.000     10(+)   0     1         0         0         1 &
++      0.00      0.00      0.00      0.00      0.00      0.00
    14   8422.000   0.000     11+     0     1         0         0         1 &
++      0.00      0.00      0.00      0.00      0.00      0.00
    15   3117.000   0.000      ()     0     2         0         6         1 &
++      0.00      0.00      0.00      0.00      0.00      0.00
    16   3989.000   0.000      6+     0     2         0         6         1 &
++      0.00      0.00      0.00      0.00      0.00      0.00
    17   4220.000   0.000      6-     0     2         0         6         1 &
++      0.00      0.00      0.00      0.00      0.00      0.00
    18   4845.000   0.000      ()     0     2         0         6         1 &
++      0.00      0.00      0.00      0.00      0.00      0.00
    19   5795.000   0.000     (8-)    0     2         0         6         1 &
++      0.00      0.00      0.00      0.00      0.00      0.00
    20   7294.000   0.000     (9+)    0     2         0         6         1 &
++      0.00      0.00      0.00      0.00      0.00      0.00
    21   8969.000   0.000    (10+)    0     2         0         6         1 &
++      0.00      0.00      0.00      0.00      0.00      0.00
    22  10503.000   0.000      ()     0     2         0         6         1 &
++      0.00      0.00      0.00      0.00      0.00      0.00
    23  12063.000   0.000    (11+)    0     2         0         6         1 &
++      0.00      0.00      0.00      0.00      0.00      0.00
    24   5656.000   0.000      ()     0     2         0         6         1 &
++      0.00      0.00      0.00      0.00      0.00      0.00
    25   9608.000   0.000     11+     0     2         0         6         1 &
++      0.00      0.00      0.00      0.00      0.00      0.00
** Band   Name        X0        NX   LabelDX   LabelDY EnLabelDX EnLabelDY
    1     38Cl  30000.00   6000.00      0.00      0.00      0.00      0.00
    2      new  38135.88   2400.00      0.00      0.00      0.00      0.00
** Gamma   Energy +/- err  Mult  ILev  FLev  Intensity +/- err
++     ConvCoef +/- error      BrRatio +/- error     MixRatio +/- error
++   GammaX1  GammaX2  LabelDX  LabelDY GammaFlag LabelFlag
     1    755.500   1.000   M 1     3     1    32.0000  5.0000 &
++  7.24030E-05 0.000E+00  0.00000E+00 0.000E+00  0.00000E+00 0.000E+00 &
++      0.00  66000.00      0.00      0.00         0         0
     2    553.900   1.000   M 1     4     3     8.0000  5.0000 &
++  1.36883E-04 0.000E+00  0.00000E+00 0.000E+00  0.00000E+00 0.000E+00 &
++      0.00  66000.00      0.00      0.00         0         0
     3    637.900   1.000   M 1     4     2    47.0000  1.0000 &
++  1.01953E-04 0.000E+00  0.00000E+00 0.000E+00  0.00000E+00 0.000E+00 &
++  32580.00  32580.00      0.00      0.00         0         0
     4   1029.800   1.000   M 1     5     3    20.0000  5.0000 &
++  3.95863E-05 0.000E+00  0.00000E+00 0.000E+00  0.00000E+00 0.000E+00 &
++  35030.00  35030.00      0.00      0.00         0         0
     5   2043.300   1.000   E 1     6     4    38.0000  5.0000 &
++  7.09593E-06 0.000E+00  0.00000E+00 0.000E+00  0.00000E+00 0.000E+00 &
++      0.00  66000.00      0.00      0.00         0         0
     6   1567.600   1.000   E 1     6     5     9.0000  5.0000 &
++  1.17273E-05 0.000E+00  0.00000E+00 0.000E+00  0.00000E+00 0.000E+00 &
++  35020.00  35020.00      0.00      0.00         0         0
     7   2680.700   1.000   E 1     6     2    60.0000  5.0000 &
++  4.84379E-06 0.000E+00  0.00000E+00 0.000E+00  0.00000E+00 0.000E+00 &
++  32120.00  32120.00      0.00      0.00         0         0
     8    291.800   1.000   M 1     7     6   100.0000  5.0000 &
++  5.63614E-04 0.000E+00  0.00000E+00 0.000E+00  0.00000E+00 0.000E+00 &
++      0.00  66000.00      0.00      0.00         0         0
     9   2972.500   1.000   E 1     7     2    57.0000  5.0000 &
++  4.22027E-06 0.000E+00  0.00000E+00 0.000E+00  0.00000E+00 0.000E+00 &
++  31590.00  31590.00      0.00      0.00         0         0
    10    170.900   1.000   M 1     8     7    64.0000  5.0000 &
++  2.00861E-03 0.000E+00  0.00000E+00 0.000E+00  0.00000E+00 0.000E+00 &
++      0.00  66000.00      0.00      0.00         0         0
    11   3142.900   1.000   M 2     8     2    56.0000  5.0000 &
++  7.78192E-06 0.000E+00  0.00000E+00 0.000E+00  0.00000E+00 0.000E+00 &
++  31080.00  31080.00      0.00      0.00         0         0
    12    774.300   1.000   M 1     9     8    12.0000  5.0000 &
++  6.88955E-05 0.000E+00  0.00000E+00 0.000E+00  0.00000E+00 0.000E+00 &
++  31080.00  31080.00      0.00      0.00         0         0
    13   1019.600   1.000   M 1    10     8    34.0000  5.0000 &
++  4.03078E-05 0.000E+00  0.00000E+00 0.000E+00  0.00000E+00 0.000E+00 &
++  31590.00  31590.00      0.00      0.00         0         0
    14   1190.200   1.000   E 2    10     7    50.0000  5.0000 &
++  3.88310E-05 0.000E+00  0.00000E+00 0.000E+00  0.00000E+00 0.000E+00 &
++  32120.00  32120.00      0.00      0.00         0         0
    15   1133.500   1.000   M 1    11    10    26.0000  5.0000 &
++  3.31152E-05 0.000E+00  0.00000E+00 0.000E+00  0.00000E+00 0.000E+00 &
++  31594.26  31594.26      0.00      0.00         0         0
    16   1311.800   1.000   M 1    12    10    35.0000  5.0000 &
++  2.53792E-05 0.000E+00  0.00000E+00 0.000E+00  0.00000E+00 0.000E+00 &
++  32121.46  32121.46      0.00      0.00         0         0
    17   2331.500   1.000   E 2    12     8    46.0000  5.0000 &
++  9.27495E-06 0.000E+00  0.00000E+00 0.000E+00  0.00000E+00 0.000E+00 &
++      0.00  66000.00      0.00      0.00         0         0
    18   1633.800   1.000   M 1    13    12    19.0000  5.0000 &
++  1.72429E-05 0.000E+00  0.00000E+00 0.000E+00  0.00000E+00 0.000E+00 &
++  32124.02  32124.02      0.00      0.00         0         0
    19   1812.200   1.000   E 2    13    11     5.0000  1.0000 &
++  1.62272E-05 0.000E+00  0.00000E+00 0.000E+00  0.00000E+00 0.000E+00 &
++  31584.95  31584.95      0.00      0.00         0         0
    20   2275.900   1.000   M 1    14    12    38.0000  5.0000 &
++  9.00100E-06 0.000E+00  0.00000E+00 0.000E+00  0.00000E+00 0.000E+00 &
++      0.00  66000.00      0.00      0.00         0         0
    21   2362.000   1.000   E 1    15     3     5.0000  1.0000 &
++  5.76694E-06 0.000E+00  0.00000E+00 0.000E+00  0.00000E+00 0.000E+00 &
++  38587.61  38110.83      0.00      0.00         0         0
    22    527.100   1.000   E 2     7    15     5.0000  1.0000 &
++  3.67800E-04 0.000E+00  0.00000E+00 0.000E+00  0.00000E+00 0.000E+00 &
++  38408.90  38550.07      0.00      0.00         0         0
    23   3318.000   1.000   E 1    16     2    12.0000  5.0000 &
++  3.66202E-06 0.000E+00  0.00000E+00 0.000E+00  0.00000E+00 0.000E+00 &
++  40222.82  39746.00      0.00      0.00         0         0
    24   2680.700   1.000   M 2    16     4     5.0000  1.0000 &
++  1.03587E-05 0.000E+00  0.00000E+00 0.000E+00  0.00000E+00 0.000E+00 &
++  39705.49  39228.71      0.00      0.00         0         0
    25    637.900   1.000   M 1    16     6     5.0000  1.0000 &
++  1.02284E-04 0.000E+00  0.00000E+00 0.000E+00  0.00000E+00 0.000E+00 &
++  37900.25  37729.60      0.00      0.00         0         0
    26    576.500   1.000   E 2    17     7     3.0000  5.0000 &
++  2.77281E-04 0.000E+00  0.00000E+00 0.000E+00  0.00000E+00 0.000E+00 &
++  38535.13  38380.82      0.00      0.00         0         0
    27    369.300   1.000   M 1     9    17     7.0000  5.0000 &
++  3.31265E-04 0.000E+00  0.00000E+00 0.000E+00  0.00000E+00 0.000E+00 &
++  38407.52  38506.39      0.00      0.00         0         0
    28    944.100   1.000   E 2     9     7    17.0000  5.0000 &
++  6.79228E-05 0.000E+00  0.00000E+00 0.000E+00  0.00000E+00 0.000E+00 &
++  37226.20  37226.20      0.00      0.00         0         0
    29    844.500   1.000   E 2    10    16     5.0000  5.0000 &
++  9.07237E-05 0.000E+00  0.00000E+00 0.000E+00  0.00000E+00 0.000E+00 &
++  37704.23  37930.88      0.00      0.00         0         0
    30   1200.600   1.000   M 1    18     7     0.5000  5.0000 &
++  2.97478E-05 0.000E+00  0.00000E+00 0.000E+00  0.00000E+00 0.000E+00 &
++  39348.12  39026.38      0.00      0.00         0         0
    31   1029.800   1.000   M 1    18     8     5.0000  5.0000 &
++  3.95718E-05 0.000E+00  0.00000E+00 0.000E+00  0.00000E+00 0.000E+00 &
++  38984.28  38708.34      0.00      0.00         0         0
    32    246.300   1.000   M 1    10     9     6.0000  5.0000 &
++  8.40043E-04 0.000E+00  0.00000E+00 0.000E+00  0.00000E+00 0.000E+00 &
++  37226.18  37226.18      0.00      0.00         0         0
    33    949.500   1.000   M 1    19    18     4.0000  5.0000 &
++  4.61507E-05 0.000E+00  0.00000E+00 0.000E+00  0.00000E+00 0.000E+00 &
++      0.00  78671.76      0.00      0.00         0         0
    34    960.500   1.000   M 1    19    10     2.0000  5.0000 &
++  4.52342E-05 0.000E+00  0.00000E+00 0.000E+00  0.00000E+00 0.000E+00 &
++  37929.38  37672.21      0.00      0.00         0         0
    35   1206.300   1.000   M 1    19     9     0.5000  5.0000 &
++  2.95227E-05 0.000E+00  0.00000E+00 0.000E+00  0.00000E+00 0.000E+00 &
++  38682.25  38359.16      0.00      0.00         0         0
    36   1381.100   1.000   M 1    11     9     8.0000  5.0000 &
++  2.31870E-05 0.000E+00  0.00000E+00 0.000E+00  0.00000E+00 0.000E+00 &
++  36781.02  36781.02      0.00      0.00         0         0
    37   1499.200   1.000   E 2    20    19     8.0000  5.0000 &
++  2.35858E-05 0.000E+00  0.00000E+00 0.000E+00  0.00000E+00 0.000E+00 &
++      0.00  78671.76      0.00      0.00         0         0
    38   2460.000   1.000   E 2    20    10     5.0000  5.0000 &
++  8.45581E-06 0.000E+00  0.00000E+00 0.000E+00  0.00000E+00 0.000E+00 &
++  37875.02  37216.25      0.00      0.00         0         0
    39   1302.700   1.000   E 2    12    18     2.0000  5.0000 &
++  3.18604E-05 0.000E+00  0.00000E+00 0.000E+00  0.00000E+00 0.000E+00 &
++  38651.52  39000.08      0.00      0.00         0         0
    40   1674.600   1.000   M 1    21    20    14.0000  5.0000 &
++  1.65275E-05 0.000E+00  0.00000E+00 0.000E+00  0.00000E+00 0.000E+00 &
++      0.00  78671.76      0.00      0.00         0         0
    41   2722.600   1.000   E 2    22    13     8.0000  5.0000 &
++  7.12062E-06 0.000E+00  0.00000E+00 0.000E+00  0.00000E+00 0.000E+00 &
++  37568.02  36838.52      0.00      0.00         0         0
    42   3093.800   1.000   E 2    23    21     5.0000  5.0000 &
++  5.78916E-06 0.000E+00  0.00000E+00 0.000E+00  0.00000E+00 0.000E+00 &
++      0.00  78671.76      0.00      0.00         0         0
    43   1066.800   1.000   E 2    24     9     5.0000  5.0000 &
++  5.02650E-05 0.000E+00  0.00000E+00 0.000E+00  0.00000E+00 0.000E+00 &
++  41187.90  40902.04      0.00      0.00         0         0
    44   1639.700   1.000   M 1    20    24     5.0000  5.0000 &
++  1.71708E-05 0.000E+00  0.00000E+00 0.000E+00  0.00000E+00 0.000E+00 &
++  41164.71  41164.71      0.00      0.00         0         0
    45   3461.600   1.000   E 2    25    12     5.0000  1.0000 &
++  4.86105E-06 0.000E+00  0.00000E+00 0.000E+00  0.00000E+00 0.000E+00 &
++  37811.38  36883.91      0.00      0.00         0         0
** Label                                   text  NChars
++     SizeX     SizeY PositionX PositionY
